   2.000188992278e+04
   2.000189000000e+04
   2.000189045128e+04
   2.000189066790e+04
   2.000189160130e+04
   2.000189191220e+04
   2.000189338947e+04
   2.000189371928e+04
   2.000189583333e+04
   2.000189607619e+04
   2.000189895135e+04
   2.000189897059e+04
   2.000190239070e+04
   2.000190276301e+04
   2.000190632529e+04
   2.000190728889e+04
   2.000191076364e+04
   2.000191255070e+04
   2.000191569551e+04
   2.000191857143e+04
   2.000192111111e+04
   2.000192537536e+04
   2.000192700110e+04
   2.000193298824e+04
   2.000193335652e+04
   2.000194016882e+04
   2.000194143731e+04
   2.000194742979e+04
   2.000195075152e+04
   2.000195513158e+04
   2.000196096154e+04
   2.000196326667e+04
   2.000197182784e+04
   2.000197210000e+04
   2.000198080816e+04
   2.000198420159e+04
   2.000199020101e+04
   2.000199020101e+04
   2.000199730323e+04
   2.000201144426e+04
   2.000202666667e+04
   2.000204301525e+04
   2.000206053793e+04
   2.000207928596e+04
   2.000209931429e+04
   2.000212068182e+04
   2.000214345185e+04
   2.000216769245e+04
   2.000219347692e+04
   2.000222088431e+04
   2.000225000000e+04
   2.000228091633e+04
   2.000231373333e+04
   2.000234855957e+04
   2.000238551304e+04
   2.000242472222e+04
   2.000246632727e+04
   2.000251048140e+04
   2.000255735238e+04
   2.000260712439e+04
   2.000266000000e+04
   2.000271620256e+04
   2.000277597895e+04
   2.000283960270e+04
   2.000290737778e+04
   2.000297964286e+04
   2.000305677647e+04
   2.000313920303e+04
   2.000322740000e+04
   2.000332190645e+04
   2.000342333333e+04
   2.000353237586e+04
   2.000364982857e+04
   2.000377660370e+04
   2.000391375385e+04
   2.000406250000e+04
   2.000422426667e+04
   2.000440072609e+04
   2.000459385455e+04
   2.000480600476e+04
   2.000504000000e+04
   2.000529925789e+04
   2.000558795556e+04
   2.000591125294e+04
   2.000627560000e+04
   2.000668916667e+04
   2.000716245714e+04
   2.000770920769e+04
   2.000834773333e+04
   2.000910300909e+04
   2.001001000000e+04
   2.001111921111e+04
   2.001250640000e+04
   2.001429061429e+04
   2.001667026667e+04
   2.002000250000e+04
   2.002500160000e+04
   2.003333423333e+04
   2.005000040000e+04
   2.010000010000e+04
