   1.203602191030e+01
   4.174205602025e+01
   9.047497453554e+01
   1.583525464420e+02
   2.453634083963e+02
   3.514478021428e+02
   4.765161663473e+02
   6.204553273055e+02
   7.831310959093e+02
   9.643895662184e+02
   1.164057872781e+03
   1.381944700172e+03
   1.617840672752e+03
   1.871518685787e+03
   2.142734209247e+03
   2.431225581282e+03
   2.736714301010e+03
   3.058905326274e+03
   3.397487379751e+03
   3.752133265479e+03
   4.122500197049e+03
   4.508230138180e+03
   4.908950156066e+03
   5.324272787666e+03
   5.753796418931e+03
   6.197105676877e+03
   6.653771834295e+03
   7.123353226874e+03
   7.605395682427e+03
   8.099432961889e+03
   8.604987211723e+03
   9.121569427357e+03
   9.648679927224e+03
   1.018580883699e+04
   1.073243658355e+04
   1.128803439821e+04
   1.185206482886e+04
   1.242398226025e+04
   1.300323344233e+04
   1.358925802574e+04
   1.418148910420e+04
   1.477935376326e+04
   1.538227363472e+04
   1.598966545633e+04
   1.660094163628e+04
   1.721551082171e+04
   1.783277847098e+04
   1.845214742888e+04
   1.907301850445e+04
   1.969479105070e+04
   2.031686354571e+04
   2.093863417460e+04
   2.155950141175e+04
   2.217886460270e+04
   2.279612454524e+04
   2.341068406903e+04
   2.402194861328e+04
   2.462932680181e+04
   2.523223101514e+04
   2.583007795880e+04
   2.642228922746e+04
   2.700829186438e+04
   2.758751891543e+04
   2.815940997741e+04
   2.872341173987e+04
   2.927897852009e+04
   2.982557279062e+04
   3.036266569887e+04
   3.088973757824e+04
   3.140627845023e+04
   3.191178851720e+04
   3.240577864499e+04
   3.288777083527e+04
   3.335729868680e+04
   3.381390784534e+04
   3.425715644161e+04
   3.468661551686e+04
   3.510186943560e+04
   3.550251628486e+04
   3.588816825958e+04
   3.625845203354e+04
   3.661300911516e+04
   3.695149618755e+04
   3.727358543204e+04
   3.757896483399e+04
   3.786733846990e+04
   3.813842677382e+04
   3.839196678069e+04
   3.862771234299e+04
   3.884543431480e+04
   3.904492069414e+04
   3.922597670732e+04
   3.938842480655e+04
   3.953210452519e+04
   3.965687207569e+04
   3.976259943068e+04
   3.984917222616e+04
   3.991648450976e+04
   3.996442282252e+04
   3.999279698157e+04
