   2.000552620370e+04
   2.000553142857e+04
   2.000553615385e+04
   2.000555077586e+04
   2.000556250000e+04
   2.000558333333e+04
   2.000560666667e+04
   2.000562830645e+04
   2.000567032609e+04
   2.000568500000e+04
   2.000575280303e+04
   2.000575545455e+04
   2.000583117647e+04
   2.000586440476e+04
   2.000591964286e+04
   2.000600000000e+04
   2.000601777778e+04
   2.000612520270e+04
   2.000616565789e+04
   2.000624157895e+04
   2.000636555556e+04
   2.000636660256e+04
   2.000650000000e+04
   2.000660485294e+04
   2.000664152439e+04
   2.000679095238e+04
   2.000689000000e+04
   2.000694808140e+04
   2.000711272727e+04
   2.000722916667e+04
   2.000728472222e+04
   2.000746391304e+04
   2.000763285714e+04
   2.000765015957e+04
   2.000784333333e+04
   2.000804331633e+04
   2.000811480769e+04
   2.000825000000e+04
   2.000846328431e+04
   2.000868307692e+04
   2.000869333333e+04
   2.000890929245e+04
   2.000914185185e+04
   2.000938068182e+04
   2.000939340909e+04
   2.000962571429e+04
   2.000987688596e+04
   2.001013413793e+04
   2.001025000000e+04
   2.001039741525e+04
   2.001066666667e+04
   2.001094184426e+04
   2.001122290323e+04
   2.001131361111e+04
   2.001150980159e+04
   2.001180250000e+04
   2.001210096154e+04
   2.001240515152e+04
   2.001266000000e+04
   2.001271503731e+04
   2.001303058824e+04
   2.001335177536e+04
   2.001367857143e+04
   2.001401095070e+04
   2.001434888889e+04
   2.001440821429e+04
   2.001469236301e+04
   2.001504135135e+04
   2.001539583333e+04
   2.001575578947e+04
   2.001612120130e+04
   2.001649205128e+04
   2.001675666667e+04
   2.001686832278e+04
   2.001725000000e+04
   2.001763706790e+04
   2.001802951220e+04
   2.001842731928e+04
   2.001883047619e+04
   2.001923897059e+04
   2.001965279070e+04
   2.002006250000e+04
   2.002007192529e+04
   2.002049636364e+04
   2.002092609551e+04
   2.002136111111e+04
   2.002180140110e+04
   2.002224695652e+04
   2.002269776882e+04
   2.002315382979e+04
   2.002361513158e+04
   2.002408166667e+04
   2.002455342784e+04
   2.002503040816e+04
   2.002504000000e+04
   2.002551260101e+04
   2.002551260101e+04
   2.003335583333e+04
   2.005001000000e+04
   2.010000250000e+04
