   2.000125512601e+04
   2.000125512601e+04
   2.000126050816e+04
   2.000126615284e+04
   2.000127206667e+04
   2.000127825658e+04
   2.000128472979e+04
   2.000129149382e+04
   2.000129855652e+04
   2.000130592610e+04
   2.000131361111e+04
   2.000132162051e+04
   2.000132996364e+04
   2.000133865029e+04
   2.000134769070e+04
   2.000135709559e+04
   2.000136687619e+04
   2.000137704428e+04
   2.000138761220e+04
   2.000139859290e+04
   2.000141000000e+04
   2.000142184778e+04
   2.000143415128e+04
   2.000144692630e+04
   2.000146018947e+04
   2.000147395833e+04
   2.000148825135e+04
   2.000150308801e+04
   2.000151848889e+04
   2.000153447570e+04
   2.000155107143e+04
   2.000156830036e+04
   2.000158618824e+04
   2.000160476231e+04
   2.000162405152e+04
   2.000164408654e+04
   2.000166490000e+04
   2.000168652659e+04
   2.000170900323e+04
   2.000173236926e+04
   2.000175666667e+04
   2.000178194025e+04
   2.000180823793e+04
   2.000183561096e+04
   2.000186411429e+04
   2.000189380682e+04
   2.000192475185e+04
   2.000195701745e+04
   2.000199067692e+04
   2.000202580931e+04
   2.000206250000e+04
   2.000210084133e+04
   2.000214093333e+04
   2.000218288457e+04
   2.000222681304e+04
   2.000227284722e+04
   2.000232112727e+04
   2.000237180640e+04
   2.000242505238e+04
   2.000248104939e+04
   2.000254000000e+04
   2.000260212756e+04
   2.000266767895e+04
   2.000273692770e+04
   2.000281017778e+04
   2.000288776786e+04
   2.000297007647e+04
   2.000305752803e+04
   2.000315060000e+04
   2.000324983145e+04
   2.000335583333e+04
   2.000346930086e+04
   2.000359102857e+04
   2.000372192870e+04
   2.000386305385e+04
   2.000401562500e+04
   2.000418106667e+04
   2.000436105109e+04
   2.000455755455e+04
   2.000477292976e+04
   2.000501000000e+04
   2.000527218289e+04
   2.000556365556e+04
   2.000588957794e+04
   2.000625640000e+04
   2.000667229167e+04
   2.000714775714e+04
   2.000769653269e+04
   2.000833693333e+04
   2.000909393409e+04
   2.001000250000e+04
   2.001111313611e+04
   2.001250160000e+04
   2.001428693929e+04
   2.001666756667e+04
   2.002000062500e+04
   2.002500040000e+04
   2.003333355833e+04
   2.005000010000e+04
   2.010000002500e+04
