      2.1000000     -1.6621806     0.96288984     0.86821124     0.50297698     0.86821124
      2.1050000     -1.6578385     0.96428069     0.86624685     0.46639282     0.86624685
      2.1100000     -1.6527361     0.99338301     0.86329110     0.49892728     0.86329110
      2.1150000     -1.6465956      1.0500131     0.85754432     0.88061786     0.85754432
      2.1200000     -1.6425793      1.0248225     0.85713776     0.55544111     0.85713776
      2.1250000     -1.6380242      1.0227534     0.85493592     0.52794799     0.85493592
      2.1300000     -1.6335410      1.0366435     0.85298606     0.53705698     0.85298606
      2.1350000     -1.6279924      1.0605471     0.84914407     0.64013323     0.84914407
      2.1400000     -1.6224909      1.0920460     0.84490817     0.73356540     0.84490817
      2.1450000     -1.6173093      1.1071621     0.84234087     0.66821527     0.84234087
      2.1500000     -1.6103164      1.1365194     0.83582426     0.91805130     0.83582426
      2.1550000     -1.6038275      1.1824654     0.83111769     0.92403218     0.83111769
      2.1600000     -1.5994226      1.1561077     0.82946057     0.84876464     0.82946057
      2.1650000     -1.5922274      1.2251085     0.82214844      1.1591326     0.82214844
      2.1700000     -1.5862406      1.2468301     0.81804135      1.1812358     0.81804135
      2.1750000     -1.5791561      1.3020995     0.81190250      1.3858931     0.81190250
      2.1800000     -1.5715230      1.3277002     0.80566268      1.3611248     0.80566268
      2.1850000     -1.5638145      1.3989596     0.79504826      2.3460411     0.79505407
      2.1900000     -1.5607945      1.3281176     0.79824685      1.4438343     0.79824685
      2.1950000     -1.5543144      1.3504898     0.79338671      1.5505527     0.79338671
      2.2000000     -1.5463420      1.4009991     0.78407504      1.8969757     0.78407504
      2.2050000     -1.5392959      1.4396766     0.77787078      2.0936609     0.77787078
      2.2100000     -1.5320805      1.5038063    0.098020125      193.58025     0.76856296
      2.2150000     -1.5240316      1.5232162     0.76146408      2.7430481     0.76146408
      2.2200000     -1.5189138      1.4691682     0.76324394      1.9748077     0.76324394
      2.2250000     -1.5084453      1.5533057     0.74461547      3.5580013     0.74470433
      2.2300000     -1.4991526      1.6338015     0.27871604      151.76408     0.73164460
      2.2350000     -1.4920083      1.6533139     0.59721871      58.587268     0.72576379
      2.2400000     -1.4849045      1.7211278     0.14298147      161.79947     0.71545631
      2.2450000     -1.4709278      1.9716458    0.088976417      153.96523     0.68210511
      2.2500000     -1.4675840      1.8707503    -0.37991185      112.06811     0.69063496
      2.2550000     -1.4594857      1.7841903    -0.50106011      75.120851     0.68622114
      2.2600000     -1.4481550      1.8235204   -0.090255278      143.22629     0.66539558
      2.2650000     -1.4420072      1.9470864   -0.051163889      142.35943     0.65887036
      2.2700000     -1.4341085      1.8495499     0.25269910      119.68583     0.65332437
      2.2750000     -1.4242099      1.9209000   -0.052874889      132.33186     0.63504497
      2.2800000     -1.4117099      1.9672181     0.16963106      115.55173     0.60974586
      2.2850000     -1.3997059      1.9551474    0.017136069      116.16473     0.58715643
      2.2900000     -1.3956117      2.0174337     0.18732522      105.46992     0.58711125
      2.2950000     -1.3852366      2.0229911    -0.29623249      83.272133     0.57198426
      2.3000000     -1.3718769      1.9790181    0.045303653      100.05121     0.54245838
      2.3050000     -1.3608214      1.9422676    0.087632986      91.461039     0.51900501
      2.3100000     -1.3514657      1.9538938    0.062315181      87.420266     0.50380610
      2.3150000     -1.3344660      1.9463500    -0.15982131      67.880903     0.45237117
      2.3200000     -1.3365024      1.8752416   -0.066685958      81.188524     0.48679271
      2.3250000     -1.3191657      1.7924150   -0.033914528      69.700124     0.44075772
      2.3300000     -1.3151630      1.8065246   -0.089912694      67.844830     0.44192319
      2.3350000     -1.3035607      1.6936791    0.019947208      61.886536     0.41152338
      2.3400000     -1.2910234      1.7426654   -0.016261972      54.422463     0.37526772
      2.3450000     -1.2841338      1.5903314    0.018526667      51.471143     0.36896558
      2.3500000     -1.2848916      1.6345318    0.037182056      56.573072     0.39564331
