      2.2000000     -1.5466256      1.3797924     0.16385884      197.15088     0.78548770
      2.2075000     -1.5343908      1.5076519   -0.013216900      198.26045     0.77155737
      2.2150000     -1.5208826      1.6066779     0.70496084      27.035859     0.75339603
      2.2225000     -1.5104473      1.6417320     0.50541624      100.44053     0.74288177
      2.2300000     -1.4992990      1.6400201     0.44355653      114.28591     0.73468063
      2.2375000     -1.4875627      1.6958346     0.62008421      47.594699     0.72058882
      2.2450000     -1.4745771      1.8027609     0.15542929      154.66881     0.70140395
      2.2525000     -1.4615278      1.8093717   -0.016514899      154.35581     0.68478684
      2.2600000     -1.4477694      1.9400878   -0.039786591      145.36933     0.66281836
      2.2675000     -1.4304317      1.9608995     0.10032996      131.22222     0.63317062
      2.2750000     -1.4192826      1.9610709   0.0036862437      128.58320     0.62067632
      2.2825000     -1.4042158      2.0382086     0.22305626      104.07734     0.59374006
      2.2900000     -1.3923160      1.9570657   -0.056070417      112.51593     0.58032553
      2.2975000     -1.3709905      2.0432379   -0.049727866      97.576776     0.53016059
      2.3050000     -1.3570870      2.0042835   -0.040862740      89.548967     0.50420244
      2.3125000     -1.3434311      1.9585388   -0.037427336      83.371750     0.48581149
      2.3200000     -1.3296670      1.8558274    0.078712115      73.073290     0.45476655
      2.3275000     -1.3176125      1.8638969    0.026259122      70.080991     0.43816518
      2.3350000     -1.3049161      1.7829216  -0.0047434912      63.964779     0.41633291
      2.3425000     -1.2879968      1.6780845   -0.070044122      52.572371     0.37758526
      2.3500000     -1.2797405      1.6133351   -0.043166869      50.831998     0.36894311
