      2.2000000     -1.5455562      1.3967725     0.78299317      2.0613950     0.78299317
      2.2050000     -1.5392870      1.3510760     0.77912175      1.7659957     0.77912175
      2.2100000     -1.5318936      1.4290439     0.77122072      2.3358587     0.77122072
      2.2150000     -1.5238744      1.5307228     0.76108242      3.5790951     0.76108242
      2.2200000     -1.5147332      1.5681815     0.74746697      4.4151816     0.74746697
      2.2250000     -1.5051009      1.7380612     0.72686394      11.121280     0.72686394
      2.2300000     -1.5006705      1.5865443     0.73844623      3.4315924     0.73844623
      2.2350000     -1.4918011      1.7162790     0.72657998      4.5870626     0.72657998
      2.2400000     -1.4802135      1.8059218     0.70513085      6.9313627     0.70513085
      2.2450000     -1.4660420      1.9831140     0.66180304      18.788902     0.66180304
      2.2500000     -1.4647038      1.7928147     0.68436035      10.259356     0.68436035
      2.2550000     -1.4531710      2.0397238     0.65597022      18.595684     0.65597022
      2.2600000     -1.4350030      2.7011137     0.50924359      52.934860     0.58043088
      2.2650000     -1.4261264      2.5244963     0.55078518      55.140184     0.56077967
      2.2700000     -1.4108801      2.8317095     0.45439967      78.353872     0.50526794
      2.2750000     -1.4066708      2.4906331     0.48552416      73.749042     0.50842462
      2.2800000     -1.3992452      2.1907619     0.49713311      52.312300     0.52075803
      2.2850000     -1.3832699      2.6389018     0.45113320      61.012774     0.47249761
      2.2900000     -1.3694308      2.4035034     0.33764032      60.174511     0.41577248
      2.2950000     -1.3658108      2.4453024     0.40741706      76.491789     0.40929202
      2.3000000     -1.3515283      2.1437387    0.025322522      51.719618     0.38410063
      2.3050000     -1.3392539      1.7971364     0.31558873      60.266098     0.32028668
      2.3100000     -1.3297767      1.8946419     0.15058601      52.214005     0.28640352
      2.3150000     -1.3236467      1.7282206     0.27609341      40.627852     0.30715981
      2.3200000     -1.3100067      1.6460157     0.14846173      43.565679     0.22503369
      2.3250000     -1.3015306      1.6021156    0.094523933      36.367425     0.22496388
      2.3300000     -1.2931777      1.5211076    0.094573056      32.312934     0.20032501
      2.3350000     -1.2855942      1.4049885    0.031488572      24.978395     0.16783445
      2.3400000     -1.2774244      1.3775912    0.019935711      20.537919     0.16332156
      2.3450000     -1.2714506      1.3515861   -0.071202739      23.769756     0.16406433
      2.3500000     -1.2648286      1.3267272    0.051020000      18.291607     0.15230320
