      2.2000000     -1.5457228      1.4296830     0.78293584      2.3059450     0.78293584
      2.2050000     -1.5391113      1.4710298     0.77699118      2.8375754     0.77699118
      2.2100000     -1.5312706      1.5375015     0.76806954      3.4439263     0.76806954
      2.2150000     -1.5250534      1.4910270     0.76482802      2.6502444     0.76482802
      2.2200000     -1.5167845      1.5825645     0.75481339      3.3071689     0.75481339
      2.2250000     -1.5071392      1.6791343     0.73907143      5.9990360     0.73907143
      2.2300000     -1.5009059      1.6582462     0.73628597      4.4012009     0.73628597
      2.2350000     -1.4911336      1.7977543     0.71940861      7.9787266     0.71940861
      2.2400000     -1.4812493      2.0099459     0.40829832      26.139137     0.69289932
      2.2450000     -1.4748658      1.8839733     0.69803952      12.147846     0.69822369
      2.2500000     -1.4621406      2.1311300     0.66423814      22.697406     0.66497745
      2.2550000     -1.4528232      2.0978169     0.42731721      19.982382     0.65312772
      2.2600000     -1.4439365      2.1780217     0.34067684      25.369138     0.63673030
      2.2650000     -1.4293320      2.3682376    0.042843744      49.873871     0.58524531
      2.2700000     -1.4186117      2.4373471     0.22106853      47.910246     0.56284956
      2.2750000     -1.4046663      2.4500981   -0.065097319      56.992902     0.51265976
      2.2800000     -1.3904940      2.5843422    0.029490838      69.669923     0.45924331
      2.2850000     -1.3790437      2.4250941    0.030294452      68.781594     0.41955688
      2.2900000     -1.3679494      2.3055543    0.079751388      67.627487     0.38817749
      2.2950000     -1.3611687      2.2169686    0.066457579      64.228883     0.38582905
      2.3000000     -1.3485163      2.1705555   -0.024910534      64.490149     0.33505380
      2.3050000     -1.3367001      1.9220016   -0.073189754      55.177901     0.29419440
      2.3100000     -1.3287414      1.8720394    0.030476807      53.188351     0.27783091
      2.3150000     -1.3190144      1.7515823    0.094794396      46.024697     0.25160188
      2.3200000     -1.3085796      1.6071169   -0.044214941      35.692500     0.19327449
      2.3250000     -1.3021711      1.5775331  -0.0025087061      35.326957     0.20403571
      2.3300000     -1.2948850      1.5253424 -0.00051544778      34.340827     0.20161131
      2.3350000     -1.2859670      1.4609615   -0.016060898      27.253522     0.18067732
      2.3400000     -1.2808470      1.5027900   0.0096480039      29.961545     0.18857619
      2.3450000     -1.2718445      1.3798289   0.0078037583      21.361905     0.15040734
      2.3500000     -1.2650935      1.3646334    0.031839876      21.375616     0.14918042
