      2.2000000     -1.5470831      1.3918167     0.44397672      2.0820360     0.78587259
      2.2050000     -1.5399583      1.4285321     0.77978175      2.0031940     0.77978175
      2.2100000     -1.5323555      1.4645715     0.67553963      2.4360439     0.77181940
      2.2150000     -1.5231919      1.5559978     0.34878970      3.3722827     0.75919635
      2.2200000     -1.5159063      1.6135861     0.23229650      3.5900221     0.75238138
      2.2250000     -1.5081804      1.5958629   -0.067052417      3.7254123     0.74459621
      2.2300000     -1.4997129      1.6627992     0.28845019      4.6412825     0.73289187
      2.2350000     -1.4923814      1.6609778     0.12655229      4.2414159     0.72718926
      2.2400000     -1.4839763      1.6947173    0.039009493      5.0076245     0.71590740
      2.2450000     -1.4751279      1.7835201    0.089916785      5.7913290     0.70371640
      2.2500000     -1.4684591      1.7288264     0.14962152      5.0974989     0.70038712
