      2.2000000     -1.5469053      1.4160396     0.78633027      1.9488928     0.78633027
      2.2075000     -1.5353672      1.4814594     0.77279009      2.8481523     0.77279009
      2.2150000     -1.5240455      1.5583600     0.76104884      3.5959252     0.76104884
      2.2225000     -1.5118698      1.6904490     0.74455868      6.3475055     0.74456997
      2.2300000     -1.5018588      1.6217232     0.73888912      4.2308608     0.73888912
      2.2375000     -1.4861912      1.8469946     0.68707734      10.372908     0.70979589
      2.2450000     -1.4734454      1.9105194     0.69156306      12.134142     0.69209697
      2.2525000     -1.4602335      1.9369459     0.34246040      11.666147     0.67512709
      2.2600000     -1.4402216      2.1971450     0.23633255      26.016878     0.61771173
      2.2675000     -1.4274350      2.1922306     0.59605603      23.158923     0.60617881
      2.2750000     -1.4101190      2.2755845     0.15406967      31.967231     0.56029689
      2.2825000     -1.3934563      2.3352032    0.074737405      36.051162     0.51858595
      2.2900000     -1.3716465      2.2253013    0.019340193      48.415441     0.42753369
      2.2975000     -1.3600939      2.1439494   -0.089051949      43.175317     0.42280010
      2.3050000     -1.3381897      1.9765176   0.0080160551      42.759635     0.33420905
      2.3125000     -1.3260403      1.9131359   -0.043415036      40.817033     0.30878307
      2.3200000     -1.3136542      1.8026357    0.012918366      35.663540     0.28974837
      2.3275000     -1.3016804      1.6754920   -0.014313621      32.871663     0.27151886
      2.3350000     -1.2884226      1.5424945  -0.0038667606      27.006436     0.23157013
      2.3425000     -1.2764078      1.4542112    0.048073951      22.249925     0.20009878
      2.3500000     -1.2667387      1.3924989  -0.0043336490      20.706737     0.19553265
