      2.2000000     -1.5457076      1.4266959     0.78294105      2.2837138     0.78294105
      2.2075000     -1.5353835      1.5026853     0.77316613      3.0310242     0.77316613
      2.2150000     -1.5249462      1.4948698     0.76448751      2.7370486     0.76448751
      2.2225000     -1.5105822      1.6623037     0.74262883      4.9465238     0.74262883
      2.2300000     -1.5008845      1.6517370     0.73648236      4.3138302     0.73648236
      2.2375000     -1.4857498      1.8222641     0.71008347      8.0286176     0.71008347
      2.2450000     -1.4740637      1.9057533     0.69474530      13.430708     0.69491272
      2.2525000     -1.4611462      1.8602511     0.68080080      9.1514734     0.68080080
      2.2600000     -1.4431244      2.2384889     0.35600109      561.31374     0.63161217
      2.2675000     -1.4246812      2.4193734    -0.18574567      630.12750     0.57967288
      2.2750000     -1.4048485      2.4544247   -0.015040821      565.12296     0.51227474
      2.2825000     -1.3847377      2.4914473     0.13034965      420.87051     0.45042097
      2.2900000     -1.3680841      2.3148046     0.10319584      337.82426     0.39068612
      2.2975000     -1.3537745      2.0927691     0.11626223      277.05721     0.35995393
      2.3050000     -1.3369323      1.9116647   -0.037846256      218.59014     0.29656642
      2.3125000     -1.3246732      1.8337835  0.00089903030      183.66791     0.26507455
      2.3200000     -1.3087093      1.6109659   -0.026698880      106.72992     0.19616169
      2.3275000     -1.2988429      1.5903067   0.0056820106      120.08449     0.21396734
      2.3350000     -1.2859331      1.4558941   -0.011738219      85.921023     0.17950979
      2.3425000     -1.2758161      1.4365835  -0.0013346293      72.158377     0.16087678
      2.3500000     -1.2650694      1.3611979    0.033583523      59.506355     0.14946431
