      2.2000000     -1.5460036      1.4286169     0.78366492      2.2608009     0.78366492
      2.2075000     -1.5359617      1.4691001     0.77483177      2.4929663     0.77483177
      2.2150000     -1.5249816      1.5167422     0.76398554      3.0129757     0.76398554
      2.2225000     -1.5121790      1.6082559     0.74746272      4.3603377     0.74749046
      2.2300000     -1.4999587      1.6667626     0.73320952      5.3580016     0.73334660
      2.2375000     -1.4876394      1.7632464     0.71869431      5.9614036     0.71869431
      2.2450000     -1.4738798      1.8951953     0.61646142      8.6319830     0.69712586
      2.2525000     -1.4596334      1.9796454    0.070519453      11.996788     0.67189335
      2.2600000     -1.4446651      2.0395606     0.13834196      13.886928     0.64667089
      2.2675000     -1.4261201      2.2098838     0.18324659      19.218928     0.60238959
      2.2750000     -1.4154784      2.1405676    -0.15936496      17.566420     0.59621662
      2.2825000     -1.3951133      2.2689300   -0.040898708      24.915142     0.53762706
      2.2900000     -1.3789009      2.2167793    0.038024495      26.384576     0.50192293
      2.2975000     -1.3614021      2.1636963   -0.061033538      28.002487     0.45304281
      2.3050000     -1.3463915      2.0300341    -0.10781560      26.607708     0.41972448
      2.3125000     -1.3338417      2.0035307   -0.048253572      26.977662     0.39622473
      2.3200000     -1.3182632      1.8579059    0.014462149      25.757733     0.35601888
      2.3275000     -1.3056668      1.7368828   -0.046197650      23.246425     0.33231800
      2.3350000     -1.2934004      1.6724588    0.024168963      21.930297     0.31111706
      2.3425000     -1.2788975      1.5633867    0.017016587      19.982311     0.26636467
      2.3500000     -1.2687073      1.4645636    0.042686487      17.587724     0.25948934
