      2.2000000     -1.5519233      1.2785037     0.79436389      1.1848175     0.79574083
      2.2050000     -1.5399356      1.3489566     0.31790444      1.5860366     0.78029972
      2.2100000     -1.5354267      1.3366076    0.062672500      1.3541246     0.78033056
      2.2150000     -1.5258472      1.4439098    0.092887083      1.8620767     0.76822681
      2.2200000     -1.5210856      1.4059712     0.12403639      1.6337840     0.76767194
      2.2250000     -1.5107683      1.4731355     0.46394667      1.9303067     0.75575472
      2.2300000     -1.5105075      1.4266851    -0.11813042      1.6740077     0.76057403
      2.2350000     -1.5059308      1.3817449    0.090404306      1.5471634     0.75953792
      2.2400000     -1.5012369      1.3697979     0.40061375      1.5820607     0.75651847
      2.2450000     -1.4930164      1.4257053   0.0067422222      1.8891420     0.74578972
      2.2500000     -1.4835761      1.4701156    -0.12336778      2.0540631     0.73512861
      2.2550000     -1.4741217      1.5047950    0.023628472      2.0014634     0.72733431
      2.2600000     -1.4606117      1.5905051    -0.39040111      2.5991328     0.70576333
      2.2650000     -1.4508086      1.6795940     0.51661708      2.9172508     0.69391208
      2.2700000     -1.4466706      1.6579741     0.30185125      2.7769423     0.69460625
      2.2750000     -1.4442283      1.5712506  -0.0067776389      2.4631788     0.69807958
      2.2800000     -1.4276025      1.6954349    0.095363889      3.1365439     0.67135250
      2.2850000     -1.4181728      1.6784397   -0.074371111      3.2270140     0.66031056
      2.2900000     -1.4183211      1.6516863     0.12958236      2.8914349     0.67055042
      2.2950000     -1.4040853      1.6782577     0.17212472      3.1892087     0.64888083
      2.3000000     -1.3889033      1.7467039    0.031693056      3.8810328     0.62096528
      2.3050000     -1.3906978      1.6851887    -0.12048681      3.3990658     0.63354764
      2.3100000     -1.3842761      1.6813985   -0.032215972      3.2221360     0.63208819
      2.3150000     -1.3784317      1.6637394   -0.012803611      3.2579072     0.62779639
      2.3200000     -1.3607247      1.7122188    0.078116528      3.7031601     0.59823958
      2.3250000     -1.3671058      1.6341306    -0.12256097      3.2391593     0.61942986
      2.3300000     -1.3472667      1.7443060   0.0058197222      3.9053650     0.58198111
      2.3350000     -1.3404569      1.6467617   -0.081885972      3.5494881     0.58172153
      2.3400000     -1.3335019      1.5759247    0.027890556      3.3444835     0.57689222
      2.3450000     -1.3254592      1.6440458   -0.048548611      3.6899320     0.56581000
      2.3500000     -1.3143253      1.6030614  -0.0079687500      3.8202703     0.54594014
