      2.2000000     -1.5470085      1.4111940     0.78604745      1.9153863     0.78604745
      2.2075000     -1.5367268      1.4598797     0.77687547      2.1575119     0.77687547
      2.2150000     -1.5249227      1.5605326     0.76303954      3.4812023     0.76303954
      2.2225000     -1.5139024      1.5750248     0.75190415      3.4039858     0.75190415
      2.2300000     -1.5011108      1.6340674     0.73749185      3.9004641     0.73749185
      2.2375000     -1.4873087      1.7784651     0.71780080      6.0177774     0.71780080
      2.2450000     -1.4728515      1.9430915     0.53033609      150.73217     0.69165540
      2.2525000     -1.4617522      1.9537651     0.10460284      331.97981     0.68217916
      2.2600000     -1.4443910      2.1358764   -0.096829711      298.87060     0.63923579
      2.2675000     -1.4280593      2.2088427     0.22648224      242.97760     0.61103956
      2.2750000     -1.4172086      2.0851014    -0.17203710      248.48110     0.60352326
      2.2825000     -1.3922571      2.3713464    0.077605550      210.85350     0.51911020
      2.2900000     -1.3783655      2.2614523    0.095610404      189.87270     0.49254542
      2.2975000     -1.3630124      2.1471131   -0.050568277      171.43477     0.46379574
      2.3050000     -1.3460595      2.0075584    -0.10659669      136.50513     0.41660497
      2.3125000     -1.3341560      1.9459447    -0.10816538      124.99119     0.39814818
      2.3200000     -1.3168477      1.8430246  -0.0073820539      105.12989     0.34321066
      2.3275000     -1.3056873      1.7261867   -0.028195875      95.747667     0.33210111
      2.3350000     -1.2942562      1.6954423     0.10392549      80.345505     0.31518070
      2.3425000     -1.2773796      1.5179988  -0.0080219248      62.005255     0.25533061
      2.3500000     -1.2693956      1.4866038    0.054844947      59.449882     0.25807801
