      2.2000000     -1.5468650      1.4026619     0.78572066      2.0183092     0.78572066
      2.2075000     -1.5361308      1.4428773     0.77512313      2.4511597     0.77512313
      2.2150000     -1.5243336      1.5418588     0.76195566      3.4264928     0.76195566
      2.2225000     -1.5132680      1.6504113     0.74967668      4.7693423     0.74967668
      2.2300000     -1.5018627      1.6117333     0.73791962      4.4697173     0.73791962
      2.2375000     -1.4870365      1.7907470     0.71366764      8.4389653     0.71366764
      2.2450000     -1.4732882      1.9639959     0.68752997      17.413209     0.68859778
      2.2525000     -1.4611158      1.8774549    0.013429097      592.29867     0.67876247
      2.2600000     -1.4389935      2.2206708    -0.15655707      461.64071     0.60601542
      2.2675000     -1.4278927      2.1814275     0.61056494      21.003811     0.61059884
      2.2750000     -1.4082701      2.2940345     0.17950061      366.13569     0.54739733
      2.2825000     -1.3899838      2.3968711     0.23239286      271.49739     0.48899453
      2.2900000     -1.3742570      2.2302976    0.018717925      294.84726     0.45477844
      2.2975000     -1.3603609      2.1470803    -0.18382687      221.94465     0.42626368
      2.3050000     -1.3379689      1.9540093    0.039024639      174.38635     0.33243216
      2.3125000     -1.3257124      1.8868725   -0.040748493      145.92909     0.29807661
      2.3200000     -1.3123367      1.7726048   -0.014386282      129.33003     0.28294741
      2.3275000     -1.3030245      1.7469260   -0.020759730      126.26933     0.27790920
      2.3350000     -1.2893474      1.5089804    0.032908370      88.360281     0.23227788
      2.3425000     -1.2759309      1.4097155    0.074812732      60.040318     0.19854956
      2.3500000     -1.2671568      1.4004433   0.0064029025      66.608474     0.20054080
