      2.2000000     -1.5468644      1.4131100     0.78635458      1.9388024     0.78635458
      2.2050000     -1.5393333      1.4760891     0.77783442      2.6093271     0.77783442
      2.2100000     -1.5312422      1.5279301     0.76811113      3.5013766     0.76811113
      2.2150000     -1.5239633      1.5579024     0.76107069      3.5050784     0.76107069
      2.2200000     -1.5163178      1.5936667     0.75275656      4.0769071     0.75275656
      2.2250000     -1.5095651      1.5905218     0.74711849      3.8185174     0.74711849
      2.2300000     -1.5017512      1.6186965     0.73868218      4.2878449     0.73868218
      2.2350000     -1.4911692      1.8021459     0.72017819      7.8502037     0.72023068
      2.2400000     -1.4827265      1.8215084     0.38394724      7.7557200     0.70955388
      2.2450000     -1.4741582      1.8821690     0.69379551      11.855778     0.69438280
      2.2500000     -1.4657420      1.8666880     0.68695755      8.2090053     0.68695755
      2.2550000     -1.4539007      1.9948328     0.41140277      16.887458     0.65732023
      2.2600000     -1.4400284      2.2122309     0.19588677      27.206152     0.61540387
      2.2650000     -1.4315633      2.2726368     0.14487566      26.622631     0.60705136
      2.2700000     -1.4208257      2.2434596     0.25550519      29.188907     0.58357585
      2.2750000     -1.4100856      2.2899095     0.11143849      33.359225     0.55828844
      2.2800000     -1.3945041      2.4353133     0.14533875      45.926093     0.49897194
      2.2850000     -1.3863802      2.3198075    0.029653953      41.454774     0.49032366
      2.2900000     -1.3721683      2.2239640  0.00031280295      46.888682     0.43339565
      2.2950000     -1.3641722      2.2103839     0.11942489      44.330982     0.42915885
      2.3000000     -1.3505827      2.0960683  -0.0073467622      44.787851     0.37771241
      2.3050000     -1.3374676      1.9764999   -0.029497466      43.391280     0.32681274
      2.3100000     -1.3307245      1.9080174    0.013885306      40.121526     0.31828411
      2.3150000     -1.3201747      1.7511921   -0.020383293      35.282481     0.29598615
      2.3200000     -1.3139008      1.8160011   0.0035916545      35.911656     0.29121832
      2.3250000     -1.3044199      1.6658917    0.030956308      32.515148     0.25768059
      2.3300000     -1.2959012      1.5973181    0.017670418      30.063091     0.24441094
      2.3350000     -1.2887303      1.5492069  -0.0013653342      27.340067     0.23389415
      2.3400000     -1.2813914      1.4655101  -0.0048099983      23.056693     0.21365106
      2.3450000     -1.2730305      1.4612944    0.030993789      22.163660     0.19696908
      2.3500000     -1.2671443      1.3968421  -0.0050337161      21.214100     0.19758965
