      2.2000000     -1.5829830     0.95332338     0.83672172     0.34433532     0.83672172
      2.2075000     -1.5702302     0.99005820     0.82747247     0.40374237     0.82755255
      2.2150000     -1.5550951      1.0821734     0.23577578      12.897153     0.81313313
      2.2225000     -1.5423524      1.1042362     0.80094595     0.68368730     0.80393894
      2.2300000     -1.5332933      1.1119057     0.61526527      5.7859022     0.79748749
      2.2375000     -1.5324124      1.0943433     0.28076076      11.759268     0.79795796
      2.2450000     -1.5262462      1.0676541     0.49598599      8.2427158     0.79463463
      2.2525000     -1.5200100      1.0503321     0.72370370      2.6740420     0.79412412
      2.2600000     -1.5029730      1.1080461     0.64185185      4.5324942     0.78191191
      2.2675000     -1.4962563      1.1082127     0.55269269      6.4524474     0.77711712
      2.2750000     -1.5006807      1.0607654     0.49821822      7.6600156     0.78536537
      2.2825000     -1.4690390      1.1914310     0.51719219      6.4918083     0.74899399
      2.2900000     -1.4760360      1.0864720     0.56550551      5.7168077     0.76495495
      2.2975000     -1.4608008      1.1326603     0.46406406      7.3264748     0.75058058
      2.3050000     -1.4552352      1.1232885     0.45834334      7.3545656     0.74987487
      2.3125000     -1.4432633      1.1609019    -0.22935936      10.039032     0.74036036
      2.3200000     -1.4314615      1.2337167    0.046036036      10.684767     0.72871872
      2.3275000     -1.4209109      1.2501845    0.066446446      10.379157     0.72084084
      2.3350000     -1.4226627      1.2013080    0.082337337      10.360932     0.72720220
      2.3425000     -1.4124124      1.1554210     0.64544044      2.6898140     0.72482983
      2.3500000     -1.3922222      1.2636623     0.26409910      8.5697198     0.70116617
