      2.2000000     -1.5470831      1.3918167     0.44397672      2.0820360     0.78587259
      2.2050000     -1.5399583      1.4285321     0.77978175      2.0031940     0.77978175
      2.2100000     -1.5323555      1.4645715     0.67553963      2.4360439     0.77181940
      2.2150000     -1.5231919      1.5559978     0.34878970      3.3722827     0.75919635
      2.2200000     -1.5159063      1.6135861     0.23229650      3.5900221     0.75238138
      2.2250000     -1.5081804      1.5958629   -0.067052417      3.7254123     0.74459621
      2.2300000     -1.4997129      1.6627992     0.28845019      4.6412825     0.73289187
      2.2350000     -1.4923814      1.6609778     0.12655229      4.2414159     0.72718926
      2.2400000     -1.4839763      1.6947173    0.039009493      5.0076245     0.71590740
      2.2450000     -1.4751279      1.7835201    0.089916785      5.7913290     0.70371640
      2.2500000     -1.4684591      1.7288264     0.14962152      5.0974989     0.70038712
      2.2550000     -1.4567260      1.8625476    -0.11521884      7.5206446     0.67595531
      2.2600000     -1.4474381      1.9115276     0.16357873      8.0581540     0.66278494
      2.2650000     -1.4388836      1.9016127     0.23465811      7.6735642     0.65431234
      2.2700000     -1.4278814      1.9907972   -0.026687090      9.7156426     0.63114224
      2.2750000     -1.4193866      1.9809347   -0.026321844      9.4702801     0.62167352
      2.2800000     -1.4068988      2.0075087    0.082700861      10.882491     0.59497781
      2.2850000     -1.3986186      2.0257403   -0.052874556      11.378165     0.58311528
      2.2900000     -1.3905958      1.9800350   -0.099593851      10.907069     0.57501787
      2.2950000     -1.3765512      2.0295289    0.051759580      12.554246     0.54202820
      2.3000000     -1.3677514      2.0162811    0.065224917      12.875502     0.52759656
      2.3050000     -1.3560589      2.0058488   -0.082929948      13.606857     0.50098225
      2.3100000     -1.3507952      1.9343880     0.10152594      12.474117     0.50390778
      2.3150000     -1.3345014      1.9016094    -0.10551046      13.486440     0.46020678
      2.3200000     -1.3272046      1.8715231    0.024226691      13.845847     0.44582241
      2.3250000     -1.3180214      1.8438588    0.025540170      13.245559     0.43556143
      2.3300000     -1.3094939      1.8095916    0.040492750      13.198195     0.41747235
      2.3350000     -1.3015158      1.7387003    0.015440826      13.104644     0.40373385
      2.3400000     -1.2931391      1.6883756   -0.026982517      12.525187     0.39100130
      2.3450000     -1.2849767      1.6252618    0.047353139      11.895248     0.37721230
      2.3500000     -1.2776814      1.5950418  -0.0097375833      11.938179     0.36144440
