      2.2000000     -1.5432918      1.4813933     0.77879080      2.2838706     0.77879080
      2.2050000     -1.5370826      1.5851442     0.76659476      4.2526816     0.76861726
      2.2100000     -1.5236996      1.7426779     0.73904667      7.4838445     0.74002972
      2.2150000     -1.5249261      1.5775156     0.41597597      3.2567328     0.76215535
      2.2200000     -1.5196092      1.5419460     0.76224260      2.3993975     0.76224260
      2.2250000     -1.5070829      1.6475738     0.71395271      4.7890211     0.73708590
      2.2300000     -1.4985106      1.6861370     0.72937330      4.3264639     0.72937330
      2.2350000     -1.4910747      1.7681589     0.37372465      5.4794850     0.71701924
      2.2400000     -1.4871521      1.6889187     0.72168174      4.5580807     0.72172903
      2.2450000     -1.4815108      1.5549437     0.72543427      2.6902431     0.72543427
      2.2500000     -1.4680644      1.7521024     0.48377295      6.0350812     0.69458142
      2.2550000     -1.4504253      2.0533851     0.49730299      9.8435110     0.65398160
      2.2600000     -1.4490251      1.8996147     0.63182017      7.0300866     0.66802031
      2.2650000     -1.4470096      1.8070693     0.32848628      5.2693126     0.67629976
      2.2700000     -1.4260647      1.9773257     0.46597729      10.117961     0.62543194
      2.2750000     -1.4171263      1.9945091    0.095860417      10.789690     0.60584500
      2.2800000     -1.4079125      2.1464315     0.19173337      12.717528     0.58950177
      2.2850000     -1.3922485      2.0496988    0.020277569      13.657113     0.55404083
      2.2900000     -1.3952395      1.9658140     0.44273427      9.9080939     0.59130698
      2.2950000     -1.3698640      2.0124698   -0.051223125      12.529576     0.51870160
      2.3000000     -1.3724149      1.9950266     0.19408309      12.424986     0.53541323
      2.3050000     -1.3623447      1.9044319     0.33441958      12.023094     0.52471590
      2.3100000     -1.3531294      2.1354984     0.11074122      13.971547     0.50477281
      2.3150000     -1.3346640      1.9500348   -0.026755625      15.360393     0.44428625
      2.3200000     -1.3376719      1.9625930    0.039681007      12.377933     0.48442156
      2.3250000     -1.3255917      1.9268793     0.38267295      12.872242     0.46118233
      2.3300000     -1.3116866      1.7995283    0.046113958      13.199322     0.41701285
      2.3350000     -1.3148560      1.9307520   0.0074915278      13.112580     0.45365375
      2.3400000     -1.3023922      1.7717162   -0.064385625      12.448718     0.41760889
      2.3450000     -1.2911844      1.6418236    0.023706319      11.706941     0.39992833
      2.3500000     -1.2853632      1.8078196   -0.056229896      13.549342     0.38399413
