      2.2000000     -1.5467384      1.4003527     0.47441436      2.1017548     0.78522879
      2.2075000     -1.5350883      1.4843456     0.24641508      2.7541032     0.77247990
      2.2150000     -1.5233495      1.5580350     0.35489754      3.3620141     0.75946535
      2.2225000     -1.5124617      1.6066755     0.59423766      3.7868070     0.74870588
      2.2300000     -1.4996036      1.6649593     0.32853411      4.6129919     0.73257200
      2.2375000     -1.4883147      1.7084437     0.31013932      4.8810217     0.72070001
      2.2450000     -1.4757082      1.7638094     0.14769110      5.5217869     0.70569075
      2.2525000     -1.4640644      1.7831644     0.16525834      5.8880334     0.69236095
      2.2600000     -1.4475824      1.9105098     0.20614613      7.9654030     0.66326088
      2.2675000     -1.4322915      1.9677503     0.16924881      9.1190559     0.63928130
      2.2750000     -1.4191811      1.9822993   -0.015214366      9.5966275     0.62023457
      2.2825000     -1.4027782      2.0431561    0.045691140      11.395133     0.58889849
      2.2900000     -1.3910180      1.9792859   -0.050291294      10.822944     0.57649870
      2.2975000     -1.3708595      2.0348278  -0.0088930114      13.011720     0.52924728
      2.3050000     -1.3566303      1.9976124   -0.044989081      13.476898     0.50313985
      2.3125000     -1.3424398      1.9453085   -0.040183447      13.366584     0.47988826
      2.3200000     -1.3281562      1.8824938    0.025631629      13.749003     0.44933142
      2.3275000     -1.3168775      1.8166109    0.070264975      13.291549     0.43506355
      2.3350000     -1.3027286      1.7604756    0.014718163      13.165803     0.40827203
      2.3425000     -1.2904587      1.6984466   -0.049426244      12.414298     0.38895201
      2.3500000     -1.2783797      1.6157982   -0.013964157      12.096824     0.36349437
