      2.2000000     -1.5505886      1.3183488     0.30026107      1.3219262     0.79283951
      2.2075000     -1.5392053      1.3659228     0.16247888      1.4777453     0.78268537
      2.2150000     -1.5285475      1.4147437   -0.040300240      1.6391818     0.77309355
      2.2225000     -1.5178225      1.4420976   -0.063548725      1.7632950     0.76371726
      2.2300000     -1.5080845      1.4613071    0.019849747      1.8564909     0.75578707
      2.2375000     -1.4977955      1.4742301    0.054456932      1.9546727     0.74670191
      2.2450000     -1.4846423      1.5266117   -0.011030960      2.1919405     0.73287657
      2.2525000     -1.4735176      1.5447930  -0.0088521212      2.2623529     0.72345492
      2.2600000     -1.4609033      1.5823156    0.027610202      2.5387046     0.70861374
      2.2675000     -1.4498937      1.6154561    0.058677311      2.6801511     0.69823524
      2.2750000     -1.4385366      1.6080484    0.010712740      2.7396516     0.68745655
      2.2825000     -1.4275095      1.6254302    0.023996263      2.8263010     0.67708874
      2.2900000     -1.4154188      1.6326436    0.012309924      2.9540759     0.66450955
      2.2975000     -1.3989574      1.6664810    0.027848258      3.3094077     0.64212859
      2.3050000     -1.3885417      1.6497668    0.035179078      3.2178353     0.63439423
      2.3125000     -1.3768908      1.6465272    0.080078093      3.3495078     0.62075597
      2.3200000     -1.3618151      1.6623027    0.060844886      3.6045662     0.60041004
      2.3275000     -1.3473971      1.6616654  -0.0029066793      3.6974201     0.58317716
      2.3350000     -1.3355564      1.6485515    0.034973333      3.7654113     0.56998785
      2.3425000     -1.3248004      1.6155120   -0.044777083      3.7385294     0.55827453
      2.3500000     -1.3119857      1.5902522   -0.031393712      3.7775976     0.54269975
