      2.2000000     -1.5458468      1.4081348     0.78351963      2.1533395     0.78351963
      2.2075000     -1.5358638      1.4649179     0.77440584      2.7412834     0.77440584
      2.2150000     -1.5250408      1.5047309     0.76450229      2.8297231     0.76450229
      2.2225000     -1.5112806      1.6133426     0.74508330      4.3827089     0.74508330
      2.2300000     -1.5011981      1.6512075     0.73670312      4.5027180     0.73670312
      2.2375000     -1.4861502      1.7580208     0.71302273      6.2588615     0.71302273
      2.2450000     -1.4733956      1.9112247     0.68988105      17.613491     0.69021589
      2.2525000     -1.4612324      1.8192066     0.68214212      8.3236317     0.68214212
      2.2600000     -1.4462607      2.0638924     0.65136582      13.831484     0.65136582
      2.2675000     -1.4255078      2.3507643    -0.11717587      676.21123     0.58269997
      2.2750000     -1.4067599      2.4220549   -0.092862308      576.26699     0.52784670
      2.2825000     -1.3851639      2.4847152   -0.018028117      457.33349     0.45317428
      2.2900000     -1.3660611      2.3543786     0.11863713      305.17794     0.36867748
      2.2975000     -1.3538305      2.0000297    0.064992690      293.17331     0.36251482
      2.3050000     -1.3386935      1.9050773   -0.098825147      221.76754     0.31348696
      2.3125000     -1.3262308      1.8623687   0.0030248859      201.15957     0.28093262
      2.3200000     -1.3080606      1.6208327   -0.011620411      108.68276     0.19674091
      2.3275000     -1.2980785      1.5184363   0.0060165293      109.50889     0.20641700
      2.3350000     -1.2848404      1.4319163    0.037901543      72.794069     0.16638636
      2.3425000     -1.2756908      1.4227816   -0.027275378      65.462094     0.15525211
      2.3500000     -1.2655407      1.3778077    0.049281979      62.495560     0.15717950
