      2.2000000     -1.5457978      1.4301438     0.78321680      2.3048437     0.78321680
      2.2050000     -1.5398998      1.4378689     0.77936717      2.3484382     0.77936717
      2.2100000     -1.5327981      1.4692009     0.77319251      2.3290409     0.77319251
      2.2150000     -1.5250613      1.5026413     0.76484121      2.6331970     0.76484121
      2.2200000     -1.5168243      1.5540686     0.75507836      3.2082635     0.75507836
      2.2250000     -1.5085157      1.6383604     0.60993829      4.5494059     0.74417620
      2.2300000     -1.4998400      1.6704183     0.73272966      5.5182513     0.73288045
      2.2350000     -1.4886366      1.8831744     0.63928823      10.146710     0.70933693
      2.2400000     -1.4834843      1.7746642     0.56958328      7.1920666     0.71147857
      2.2450000     -1.4734103      1.9063278     0.60660940      9.0119479     0.69534029
      2.2500000     -1.4636712      1.9777286     0.54750004      11.169119     0.67757838
      2.2550000     -1.4556539      1.9201340     0.44047657      10.451312     0.66946226
      2.2600000     -1.4443917      2.0401385    0.086387491      14.109058     0.64554115
      2.2650000     -1.4354103      2.1070843     0.40815867      16.649889     0.62774558
      2.2700000     -1.4250895      2.0994513    -0.11851515      14.676880     0.61521616
      2.2750000     -1.4152647      2.1430666    -0.22404136      17.564743     0.59547352
      2.2800000     -1.3995736      2.2743071   -0.014916603      24.397358     0.54449344
      2.2850000     -1.3870696      2.2724863   0.0064550617      26.497340     0.51152148
      2.2900000     -1.3795200      2.2117956   0.0048272485      26.146809     0.50436322
      2.2950000     -1.3713748      2.1793821   -0.036270540      24.470055     0.49491415
      2.3000000     -1.3608989      2.0910733  -0.0071749367      23.956721     0.47466012
      2.3050000     -1.3461826      2.0092276    -0.12303489      26.125734     0.41952610
      2.3100000     -1.3391482      1.9978155     0.12735240      25.565150     0.41529159
      2.3150000     -1.3272719      1.8971993    0.041839901      25.739690     0.37545830
      2.3200000     -1.3186801      1.8774985    0.014057210      25.751152     0.35908297
      2.3250000     -1.3062060      1.7735791    0.030273349      24.601216     0.31730859
      2.3300000     -1.3027648      1.7168808    0.027709816      22.181497     0.33642403
      2.3350000     -1.2930549      1.6710798   0.0089768148      22.003294     0.30901409
      2.3400000     -1.2842462      1.6086322  -0.0022472593      20.263048     0.28541353
      2.3450000     -1.2757430      1.5296722 -0.00079490278      19.129755     0.26591804
      2.3500000     -1.2688792      1.4690332    0.046071142      17.675205     0.26036415
