      2.2000000     -1.5469247      1.4033374     0.78636077      1.9346913     0.78636077
      2.2050000     -1.5394815      1.4540704     0.77879183      2.3022963     0.77879183
      2.2100000     -1.5317375      1.5015168     0.76963073      3.2126085     0.76963073
      2.2150000     -1.5241573      1.5361382     0.76170096      3.3171041     0.76170096
      2.2200000     -1.5172410      1.5472857     0.75576325      3.2399412     0.75576325
      2.2250000     -1.5096036      1.5878008     0.74675487      3.9246427     0.74675487
      2.2300000     -1.5021889      1.5861485     0.74038605      3.8499511     0.74038605
      2.2350000     -1.4910347      1.8272717     0.71832786      8.5809812     0.71838035
      2.2400000     -1.4816974      1.8732829     0.37968496      8.8899275     0.70529160
      2.2450000     -1.4742621      1.8616627     0.69571898      10.093815     0.69571972
      2.2500000     -1.4650000      1.9163805     0.60708775      11.522685     0.68118281
      2.2550000     -1.4541733      2.0244010     0.41168437      17.291835     0.65760184
      2.2600000     -1.4408760      2.2186700     0.27706781      24.609493     0.62205546
      2.2650000     -1.4307128      2.3133652    0.058730888      31.631309     0.59873355
      2.2700000     -1.4181350      2.3311218     0.15648733      32.771302     0.56949366
      2.2750000     -1.4097347      2.3078839     0.27356748      34.802412     0.55399128
      2.2800000     -1.3954925      2.3983701     0.14065506      44.432747     0.50635622
      2.2850000     -1.3866515      2.2911791     0.11150695      37.910442     0.49685232
      2.2900000     -1.3735643      2.2409738    0.070562061      46.997790     0.44036490
      2.2950000     -1.3631674      2.2183233  0.00075361111      47.362308     0.41994213
      2.3000000     -1.3514753      2.1696741    0.090002995      47.039904     0.37888767
      2.3050000     -1.3383353      1.9850481   -0.063499641      43.610801     0.33333376
      2.3100000     -1.3296326      1.8594410    0.064159234      38.765930     0.31080427
      2.3150000     -1.3196560      1.7334310  -0.0033771224      34.488749     0.29203094
      2.3200000     -1.3146315      1.7986549   0.0068586007      36.365941     0.29512026
      2.3250000     -1.3046467      1.7123450   0.0024705295      34.147045     0.26028799
      2.3300000     -1.2958351      1.6030118    0.013330439      29.399446     0.24394640
      2.3350000     -1.2891108      1.5581758   -0.021508636      27.968978     0.23616404
      2.3400000     -1.2818888      1.5123540    0.023431569      25.022587     0.22209733
      2.3450000     -1.2733444      1.4645134    0.016788752      22.219053     0.19907269
      2.3500000     -1.2663717      1.3875933   -0.017955011      20.852397     0.19342152
