      2.2000000     -1.5460153      1.4185434     0.78349876      2.3098391     0.78349876
      2.2050000     -1.5388694      1.4673440     0.77622580      2.8984661     0.77622580
      2.2100000     -1.5314356      1.5211139     0.76883554      3.1272351     0.76883554
      2.2150000     -1.5249279      1.4850962     0.76418933      2.8490891     0.76418933
      2.2200000     -1.5168592      1.5708694     0.75472102      3.3574962     0.75472102
      2.2250000     -1.5074719      1.6690156     0.74006491      5.6978555     0.74006491
      2.2300000     -1.5001192      1.6774714     0.73252386      5.3744988     0.73252386
      2.2350000     -1.4921971      1.7193076     0.72469340      5.3106605     0.72469340
      2.2400000     -1.4817875      1.9788102     0.41040569      25.389566     0.69500668
      2.2450000     -1.4742753      1.9327983     0.69451801      13.337049     0.69470217
      2.2500000     -1.4630323      2.0762380     0.66870955      20.992751     0.66944886
      2.2550000     -1.4534497      2.0948293     0.43067577      18.714927     0.65648629
      2.2600000     -1.4431445      2.1764052     0.33866949      25.027604     0.63472295
      2.2650000     -1.4319074      2.2292455     0.33581095      35.152287     0.60563472
      2.2700000     -1.4186120      2.3962627     0.22435922      43.921792     0.56519331
      2.2750000     -1.4052327      2.4306438    -0.11098156      52.413639     0.51836123
      2.2800000     -1.3927873      2.4445013   -0.095763436      60.186640     0.47842426
      2.2850000     -1.3787585      2.4251025    0.074846012      66.459025     0.41987198
      2.2900000     -1.3672053      2.2486465   -0.034830336      65.950301     0.38170362
      2.2950000     -1.3620181      2.1890781    0.048666046      60.397457     0.39530947
      2.3000000     -1.3490115      2.1712883   0.0096680894      65.769875     0.33753035
      2.3050000     -1.3364932      1.9542495   -0.045387476      56.222444     0.29540495
      2.3100000     -1.3275137      1.8136084    0.028911828      52.026461     0.26078317
      2.3150000     -1.3197620      1.7880510    0.045351211      46.453527     0.25751227
      2.3200000     -1.3092053      1.6055517   -0.029582286      35.887426     0.20258088
      2.3250000     -1.3026671      1.5910090   -0.035099470      37.307125     0.20894144
      2.3300000     -1.2943072      1.5264613   -0.014770970      33.782275     0.19589671
      2.3350000     -1.2869763      1.4486886   -0.025007161      27.327617     0.18777781
      2.3400000     -1.2805946      1.4634098   0.0055466639      28.357140     0.18185322
      2.3450000     -1.2728139      1.3928620    0.013821658      23.475488     0.15647819
      2.3500000     -1.2652945      1.3531722    0.025463035      21.053162     0.14820201
