      2.2000000     -1.5472875      1.4011800     0.30036063      2.2727270     0.78537034
      2.2050000     -1.5394144      1.4547948     0.62227157      2.3153564     0.77783118
      2.2100000     -1.5319141      1.4785678     0.67388520      2.5562771     0.77016497
      2.2150000     -1.5251202      1.4888756     0.38139427      2.4456052     0.76516156
      2.2200000     -1.5160161      1.6280244    0.010910892      3.9921961     0.75115589
      2.2250000     -1.5082904      1.6117334   -0.029310955      3.7351991     0.74460765
      2.2300000     -1.5001236      1.6650412    0.094675837      4.6286004     0.73352574
      2.2350000     -1.4915358      1.7084993   -0.027508424      4.9345733     0.72314985
      2.2400000     -1.4833355      1.7107925     0.13323323      5.2300774     0.71396538
      2.2450000     -1.4773405      1.7160503    0.098414118      4.7493355     0.71133094
      2.2500000     -1.4692680      1.7162057    0.089280042      5.0046206     0.70216757
      2.2550000     -1.4561625      1.9048735   -0.027122233      8.1215968     0.67250571
      2.2600000     -1.4459129      1.9332950     0.36009006      8.3286655     0.65799126
      2.2650000     -1.4385615      1.9073488     0.31730422      7.7236513     0.65370076
      2.2700000     -1.4246008      2.0348181    -0.14261082      10.690960     0.61929243
      2.2750000     -1.4181855      1.9727545  -0.0089495764      9.3645054     0.61920720
      2.2800000     -1.4066907      2.0129794    0.035808587      10.967053     0.59438059
      2.2850000     -1.3997103      2.0183481   -0.047675920      11.046022     0.58701805
      2.2900000     -1.3905437      1.9752783    -0.16943095      10.662000     0.57573875
      2.2950000     -1.3755463      2.0005397     0.10815075      12.466617     0.53960161
      2.3000000     -1.3683916      2.0163172    0.068850260      12.973740     0.52856442
      2.3050000     -1.3550799      1.9994000   -0.090461465      13.825497     0.49652633
      2.3100000     -1.3501767      1.9379003    0.061695639      12.702789     0.50077691
      2.3150000     -1.3344982      1.8776678   -0.056126222      13.277859     0.46043803
      2.3200000     -1.3280608      1.8663486   -0.021099517      13.555705     0.45157807
      2.3250000     -1.3180360      1.8513080    0.031889740      13.440044     0.43414165
      2.3300000     -1.3091558      1.7998656    0.075627295      13.383546     0.41378180
      2.3350000     -1.3012591      1.7498109    0.065085951      13.418465     0.39927103
      2.3400000     -1.2923593      1.6922287   -0.020072566      12.593978     0.38665257
      2.3450000     -1.2846229      1.6279002    0.045053615      12.066685     0.37319448
      2.3500000     -1.2765762      1.5932776  -0.0028393611      11.772096     0.35957693
