      2.2000000     -1.5461696      1.4236670     0.78361975      2.3165494     0.78361975
      2.2050000     -1.5400070      1.4344928     0.77927826      2.2920372     0.77927826
      2.2100000     -1.5332083      1.4643713     0.77368686      2.3330482     0.77368686
      2.2150000     -1.5251403      1.5003361     0.76481675      2.6181264     0.76481675
      2.2200000     -1.5171733      1.5561354     0.75554430      3.2243482     0.75554430
      2.2250000     -1.5075825      1.6734386     0.49568455      5.5497425     0.73988580
      2.2300000     -1.4994102      1.7145710     0.49715394      6.3097561     0.73093221
      2.2350000     -1.4909847      1.7685450     0.69719135      6.8085928     0.72022160
      2.2400000     -1.4836804      1.7822565     0.57019641      7.1460880     0.71209169
      2.2450000     -1.4732943      1.8943877     0.66091183      9.3221073     0.69399228
      2.2500000     -1.4629250      1.9924175     0.60527522      12.252187     0.67363240
      2.2550000     -1.4551625      1.9292606     0.15808689      9.9717860     0.66893801
      2.2600000     -1.4450870      2.0050232     0.31456261      12.886298     0.65031004
      2.2650000     -1.4354543      2.0694829     0.26367844      15.990827     0.62856135
      2.2700000     -1.4249303      2.0921040    0.089997682      14.920259     0.61358455
      2.2750000     -1.4139117      2.1747001    -0.15583765      18.471515     0.58913690
      2.2800000     -1.3991482      2.2376820   -0.084938400      23.298154     0.54396715
      2.2850000     -1.3887373      2.2766872    -0.10516416      26.282147     0.51861371
      2.2900000     -1.3792531      2.2244888    0.035450296      26.108473     0.50232316
      2.2950000     -1.3717160      2.1561849   -0.011417295      23.687357     0.49693778
      2.3000000     -1.3597385      2.1024198   -0.060918765      24.561425     0.46886145
      2.3050000     -1.3477277      2.0138579   -0.050790156      25.601801     0.43064790
      2.3100000     -1.3399898      2.0344901     0.14405224      25.887137     0.41877278
      2.3150000     -1.3261476      1.9008032    0.054382310      26.401815     0.36779213
      2.3200000     -1.3189218      1.8683090   0.0088524954      25.454445     0.36185147
      2.3250000     -1.3061167      1.7644821  -0.0021386836      24.193266     0.31855355
      2.3300000     -1.3014185      1.7270720  -0.0011334846      22.757781     0.32625029
      2.3350000     -1.2925072      1.6769358    0.023716880      21.817415     0.30757929
      2.3400000     -1.2848525      1.6060472    0.020151281      20.438891     0.28931398
      2.3450000     -1.2752080      1.5275851   -0.013740463      18.991941     0.26241634
      2.3500000     -1.2680337      1.4481579    0.023992551      17.197059     0.25474381
