      2.2400000     -1.4832003      1.7219730     0.18009963      5.0600438     0.71439229
      2.2408000     -1.4827979      1.7280631     0.52256301      5.0249728     0.71491169
      2.2416000     -1.4810169      1.7658851    0.012790951      5.6509250     0.71007258
      2.2424000     -1.4803285      1.7438450    -0.11480269      5.1790342     0.71140107
      2.2432000     -1.4790661      1.7401359     0.16797646      5.0631868     0.71051202
      2.2440000     -1.4769071      1.7599378     0.38267788      5.4738386     0.70633122
      2.2448000     -1.4776991      1.6957872     0.30737190      4.5116461     0.71208748
      2.2456000     -1.4751330      1.7534406    0.024972227      5.4797155     0.70516979
      2.2464000     -1.4744673      1.7331994     0.47774668      5.0307292     0.70683978
      2.2472000     -1.4713538      1.7694090   -0.086380582      6.0119273     0.69746560
      2.2480000     -1.4716705      1.7852015   -0.051897408      5.8480749     0.70095235
      2.2488000     -1.4702702      1.7748828    0.045478053      5.5533297     0.70021093
      2.2496000     -1.4686671      1.7809237     0.27015532      5.9147421     0.69694591
      2.2504000     -1.4659000      1.8035022     0.20409895      6.1883615     0.69172964
      2.2512000     -1.4641141      1.8175675   0.0038483026      6.4756214     0.68890551
      2.2520000     -1.4637608      1.8091947    0.045858549      6.2968135     0.68993370
      2.2528000     -1.4625992      1.8106370    0.065742684      6.2015178     0.68923397
      2.2536000     -1.4578794      1.8524091    -0.19784045      7.2642450     0.67704781
      2.2544000     -1.4567916      1.8644483    -0.28108531      7.1634064     0.67583223
      2.2552000     -1.4551272      1.8784384    -0.22800658      7.4959209     0.67223592
      2.2560000     -1.4534703      1.9306047  0.00076481908      8.3796503     0.66754753
      2.2568000     -1.4537821      1.8566089    0.051907339      6.7190323     0.67586479
      2.2576000     -1.4516960      1.8967036     0.11502945      7.5840954     0.66999486
      2.2584000     -1.4481589      1.9610310    0.062938533      8.8900801     0.65888443
      2.2592000     -1.4488797      1.8951190    0.090115789      7.6695523     0.66595758
      2.2600000     -1.4469404      1.9028746     0.32998978      7.8975213     0.66197545
      2.2608000     -1.4459872      1.9143543    -0.20326733      8.0914546     0.66002469
      2.2616000     -1.4458071      1.8693335     0.27548929      7.4809316     0.66399364
      2.2624000     -1.4454252      1.8774513     0.27832051      7.4287882     0.66516456
      2.2632000     -1.4448073      1.8359069    0.026523618      6.6182459     0.66689006
      2.2640000     -1.4376611      1.9819303   -0.044400799      9.4691272     0.64298856
      2.2648000     -1.4385067      1.9072244   -0.016274188      8.3459986     0.65090486
      2.2656000     -1.4361573      1.9712647   -0.072750201      9.3343108     0.64363217
      2.2664000     -1.4357813      1.9318418     0.12687683      8.5989863     0.64593711
      2.2672000     -1.4328812      1.9809764    0.058546993      9.1227513     0.63911930
      2.2680000     -1.4320234      1.9594809     0.18652082      8.8066057     0.64031884
      2.2688000     -1.4281451      2.0026922     0.13760596      9.5862162     0.63010807
      2.2696000     -1.4280249      1.9800344    -0.14727691      9.2898121     0.63278932
      2.2704000     -1.4291903      1.9669954    0.023928648      8.6409419     0.63920824
      2.2712000     -1.4260616      1.9763169    0.041915454      8.9281298     0.63189648
      2.2720000     -1.4238047      1.9825850    0.064522484      9.6648116     0.62478437
      2.2728000     -1.4231952      1.9649496   -0.020489799      8.9397993     0.62858561
      2.2736000     -1.4207713      2.0152098    -0.19735974      9.5572541     0.62256540
      2.2744000     -1.4175652      2.0111116   -0.067683760      10.099399     0.61397967
      2.2752000     -1.4169818      1.9818659    -0.11396650      9.8096234     0.61508968
      2.2760000     -1.4135704      2.0369316   -0.091983220      10.595911     0.60589092
      2.2768000     -1.4141812      2.0325266   -0.070509711      10.496930     0.60833119
      2.2776000     -1.4115484      1.9801032   -0.071588043      10.390414     0.60370156
      2.2784000     -1.4101245      1.9848600     0.11880704      10.300378     0.60125555
      2.2792000     -1.4101097      1.9879020   -0.041156441      10.325680     0.60357753
      2.2800000     -1.4056869      2.0263862   -0.050994220      11.339663     0.58984830
      2.2808000     -1.4056168      1.9889565   -0.022464401      10.658673     0.59496278
      2.2816000     -1.4022142      2.0338567    0.026169757      11.196735     0.58559236
      2.2824000     -1.4039370      2.0041355    0.022631493      10.688332     0.59412611
      2.2832000     -1.4034598      2.0052131  -0.0072224375      10.604387     0.59609730
      2.2840000     -1.3985135      2.0197329    0.019852217      11.467651     0.58058277
      2.2848000     -1.3978885      1.9906146   -0.045467832      10.789935     0.58237993
      2.2856000     -1.4005683      1.9771002    -0.12888025      9.9385287     0.59571232
      2.2864000     -1.3971618      1.9947719   -0.030626566      10.790531     0.58501601
      2.2872000     -1.3947726      1.9938850    -0.14096128      10.992763     0.57932311
      2.2880000     -1.3934529      1.9867157   -0.043965632      11.083076     0.57744184
      2.2888000     -1.3881869      2.0675646   -0.025014454      12.160544     0.56053536
      2.2896000     -1.3887582      2.0494540   -0.022861102      11.858517     0.56595283
