      2.2000000     -1.5470038      1.4062385     0.53690648      111.01478     0.78615201
      2.2075000     -1.5357306      1.4746236    0.074153079      197.58596     0.77419661
      2.2150000     -1.5242650      1.5319776    -0.16948599      183.12515     0.76201119
      2.2225000     -1.5129331      1.5874537    -0.12181623      181.01528     0.75008758
      2.2300000     -1.5009130      1.6404626     0.18923168      167.13722     0.73663802
      2.2375000     -1.4892874      1.6905913    0.029410419      171.85971     0.72427302
      2.2450000     -1.4756820      1.7625722    0.072647607      161.83708     0.70536220
      2.2525000     -1.4627556      1.8296348     0.10528936      152.23450     0.68804839
      2.2600000     -1.4484404      1.8864765    0.020735454      146.48669     0.66647211
      2.2675000     -1.4316991      1.9811497    0.035063141      135.07111     0.63639064
      2.2750000     -1.4182103      1.9737217   -0.059282556      126.47234     0.61753114
      2.2825000     -1.4023815      2.0330350    0.019170012      117.33873     0.58798991
      2.2900000     -1.3877539      2.0264327   -0.018082238      108.62258     0.56310240
      2.2975000     -1.3722761      2.0213148    0.016959849      99.425535     0.53516179
      2.3050000     -1.3581365      1.9891279   -0.050593130      90.784422     0.51030289
      2.3125000     -1.3446276      1.9386804   -0.020508445      84.212688     0.48820920
      2.3200000     -1.3292284      1.8758699 -0.00060981419      75.256625     0.45676498
      2.3275000     -1.3147285      1.8162067   -0.019644272      67.505948     0.42928746
      2.3350000     -1.3020848      1.7489670    0.013129698      61.445151     0.40728486
      2.3425000     -1.2895861      1.6700324  -0.0097293074      55.474420     0.38421802
      2.3500000     -1.2775314      1.5983270    0.010123626      50.344919     0.36495939
