      2.2400000     -1.4810964      1.9664986     0.69424953      22.877143     0.69529198
      2.2408000     -1.4815008      1.8098198     0.70899645      7.4008278     0.70899645
      2.2416000     -1.4786112      1.8547901     0.69911697      10.230552     0.69911697
      2.2424000     -1.4761063      2.0693083     0.62705774      29.722192     0.68402770
      2.2432000     -1.4757343      1.9145718     0.69356300      13.639539     0.69356300
      2.2440000     -1.4755311      1.8398259     0.70092862      7.7594913     0.70092862
      2.2448000     -1.4736655      1.8769243     0.69398078      11.355710     0.69398078
      2.2456000     -1.4733728      1.7796784     0.69872806      7.3302934     0.69872806
      2.2464000     -1.4680634      2.0818935     0.67523694      19.969210     0.67524267
      2.2472000     -1.4683794      2.0156636     0.57561561      19.541319     0.67939991
      2.2480000     -1.4673989      1.9313203     0.68391907      12.674540     0.68391907
      2.2488000     -1.4688362      1.8081868     0.69575841      7.1687733     0.69575841
      2.2496000     -1.4646955      1.9935260     0.67943331      14.554399     0.67943331
      2.2504000     -1.4620023      2.0497792     0.67264185      15.148378     0.67264185
      2.2512000     -1.4615979      1.9022226     0.67712219      11.668719     0.67712430
      2.2520000     -1.4592135      2.0022558     0.66949664      13.363590     0.66949664
      2.2528000     -1.4520894      2.3116392     0.58129214      30.150416     0.63519034
      2.2536000     -1.4553344      2.0988743     0.65875631      18.201869     0.65913573
      2.2544000     -1.4539224      2.0406112     0.65744177      16.727752     0.65744177
      2.2552000     -1.4513766      2.1555034     0.64510730      24.574376     0.64527861
      2.2560000     -1.4501369      2.1767980     0.64303226      28.560023     0.64406048
      2.2568000     -1.4457470      2.2873464     0.43396308      34.756853     0.62266556
      2.2576000     -1.4465769      2.1245816     0.40700434      22.850431     0.63983815
      2.2584000     -1.4466909      2.0420342     0.44448259      15.609717     0.64767782
      2.2592000     -1.4447158      2.1108152     0.64110167      19.595581     0.64117398
      2.2600000     -1.4415451      2.1949889     0.59402764      29.264473     0.62619056
      2.2608000     -1.4408832      2.0962010     0.63471650      18.624761     0.63471650
      2.2616000     -1.4388558      2.2631492     0.60113190      33.197822     0.62028560
      2.2624000     -1.4365552      2.2304378    0.099157182      30.079450     0.61537573
      2.2632000     -1.4326318      2.3180106     0.39872411      36.420294     0.59701661
      2.2640000     -1.4325718      2.2799352     0.27834444      30.286546     0.60952823
      2.2648000     -1.4287884      2.3039425     0.31182102      31.701436     0.59152089
      2.2656000     -1.4276464      2.4835286     0.55450946      43.338773     0.58468061
      2.2664000     -1.4270215      2.3878075     0.49998872      39.627609     0.58806479
      2.2672000     -1.4231966      2.3606517     0.40878881      38.205370     0.57422486
      2.2680000     -1.4221859      2.4349539    0.085108951      43.006247     0.57214487
      2.2688000     -1.4206572      2.3793226     0.18612831      46.117527     0.56622260
      2.2696000     -1.4175497      2.4586024     0.41923593      51.540284     0.55348979
      2.2704000     -1.4123125      2.5777841     0.10971448      65.502242     0.52026576
      2.2712000     -1.4125397      2.4885999     0.29860980      66.438672     0.52178404
      2.2720000     -1.4082746      2.5269487     0.27986661      68.220852     0.50276796
      2.2728000     -1.4102153      2.5209755     0.11266067      53.518360     0.53375146
      2.2736000     -1.4085846      2.4366245     0.20474964      51.127147     0.53281807
      2.2744000     -1.4034649      2.4849430   0.0037229574      60.045879     0.50189432
      2.2752000     -1.4054877      2.4549134  -0.0056301768      59.780848     0.52138055
      2.2760000     -1.4027297      2.4534140    0.084563923      49.899243     0.51962407
      2.2768000     -1.3956978      2.5645124     0.13024129      72.936498     0.46080331
      2.2776000     -1.3964320      2.4848016   -0.065959893      62.407193     0.48311630
      2.2784000     -1.3944087      2.5595922     0.13498050      68.907632     0.47073101
      2.2792000     -1.4005271      2.3734864    0.018706634      44.032262     0.53063118
      2.2800000     -1.3921085      2.4671126     0.19427164      66.998195     0.46989076
      2.2808000     -1.3892072      2.4352630    0.020027784      65.804032     0.45813026
      2.2816000     -1.3859956      2.3867656     0.11647241      72.020445     0.43433309
      2.2824000     -1.3888027      2.4065209     0.14501329      66.055522     0.46857558
      2.2832000     -1.3833972      2.4867289    0.040725528      64.772155     0.44535062
      2.2840000     -1.3830172      2.4565221    0.049201406      66.354085     0.44324130
      2.2848000     -1.3811595      2.4780565    0.078719546      66.800507     0.43753177
      2.2856000     -1.3790271      2.5043381   0.0036516411      76.023310     0.42345859
      2.2864000     -1.3735645      2.2577831    -0.14283681      67.019452     0.39248179
      2.2872000     -1.3754807      2.3529486     0.12958808      59.742479     0.42801293
      2.2880000     -1.3723449      2.4992920     0.10201987      78.250880     0.39636195
      2.2888000     -1.3721638      2.2654927   -0.054516161      63.700900     0.41378879
      2.2896000     -1.3715300      2.2803355   -0.053745249      60.240124     0.42273485
