      2.2000000     -1.5463315      1.4364980     0.78465799      2.1729791     0.78465799
      2.2050000     -1.5393425      1.4397657     0.77805141      2.3747123     0.77805141
      2.2100000     -1.5324138      1.4520388     0.77187879      2.4091770     0.77187879
      2.2150000     -1.5240344      1.5700034     0.76107983      4.0598715     0.76107983
      2.2200000     -1.5163674      1.5864438     0.75280955      3.9850327     0.75280955
      2.2250000     -1.5084585      1.6223715     0.74321111      4.7940056     0.74321111
      2.2300000     -1.4999246      1.6813650     0.73201799      6.3027472     0.73201799
      2.2350000     -1.4909589      1.8248227     0.71537777      15.927463     0.71537777
      2.2400000     -1.4832054      1.7692900     0.71176916      7.1566114     0.71176916
      2.2450000     -1.4730080      1.9593583     0.69254670      11.532127     0.69254670
      2.2500000     -1.4631724      2.0225212     0.67211448      20.092199     0.67211448
      2.2550000     -1.4529391      2.1103105     0.65320439      20.329736     0.65320439
      2.2600000     -1.4421460      2.1327443     0.62714953      30.731097     0.62714953
      2.2650000     -1.4296420      2.3574787     0.58765255      48.858786     0.58765255
      2.2700000     -1.4172011      2.6335575     0.54160205      89.674591     0.54160205
      2.2750000     -1.4040855      2.6156672     0.20769725      164.74512     0.48055699
      2.2800000     -1.3869350      2.6488216     0.14520091      240.38152     0.35086252
      2.2850000     -1.3740708      2.2946621     0.19281395      192.16413     0.27539047
      2.2900000     -1.3628425      2.1382558   -0.056266863      164.93429     0.23648310
      2.2950000     -1.3517802      1.9060201    0.062558000      115.73837     0.18320420
      2.3000000     -1.3420193      1.8492415    0.010870678      97.568840     0.15896305
      2.3050000     -1.3361031      1.8370522    0.025975076      109.35675     0.17814910
      2.3100000     -1.3260417      1.7394609    0.026255104      77.121438     0.13842391
      2.3150000     -1.3168820      1.5810728    0.024978042      51.444708     0.12004981
      2.3200000     -1.3086118      1.5375450   -0.010867348      47.603924     0.11004413
      2.3250000     -1.3008043      1.5273739   0.0089125024      33.234206    0.096465332
      2.3300000     -1.2928044      1.4375066   -0.012719453      31.207676    0.089898018
      2.3350000     -1.2858671      1.4363847  -0.0047595586      29.028484    0.083551409
      2.3400000     -1.2793437      1.4088687   0.0098726850      26.770569    0.082514643
      2.3450000     -1.2721031      1.3924286   0.0037927546      24.511741    0.076848618
      2.3500000     -1.2653994      1.3636922   0.0041452706      23.171818    0.076288120
