      2.2400000     -1.4830765      1.7676617     0.71132093      6.6519420     0.71132093
      2.2408000     -1.4820990      1.7473942     0.71123160      6.2046676     0.71123160
      2.2416000     -1.4797155      1.8536524     0.70451634      8.7213970     0.70451634
      2.2424000     -1.4783808      1.8562979     0.70253317      10.950976     0.70253317
      2.2432000     -1.4761099      1.8424776     0.69805522      8.7816579     0.69805522
      2.2440000     -1.4747502      1.8382701     0.69498030      9.7831554     0.69498030
      2.2448000     -1.4737586      1.8585508     0.69574616      8.7540561     0.69574616
      2.2456000     -1.4720445      1.9491306     0.69155637      10.900974     0.69155637
      2.2464000     -1.4701052      1.9233891     0.68803805      10.656969     0.68803805
      2.2472000     -1.4685771      1.9975855     0.68449343      12.891444     0.68449343
      2.2480000     -1.4677974      1.9511216     0.68594840      10.966703     0.68594840
      2.2488000     -1.4656429      1.9535406     0.67944492      13.101116     0.67944492
      2.2496000     -1.4642507      1.9730154     0.67686397      13.879734     0.67686397
      2.2504000     -1.4627893      1.9503918     0.67585675      13.616428     0.67585675
      2.2512000     -1.4605820      2.0374383     0.66990289      15.114569     0.66990289
      2.2520000     -1.4585321      2.0848734     0.66167466      22.681158     0.66167466
      2.2528000     -1.4567119      2.0645356     0.65855170      19.607079     0.65855170
      2.2536000     -1.4565674      2.0658390     0.66205493      20.627861     0.66205493
      2.2544000     -1.4543430      2.0411201     0.65811220      17.899120     0.65811220
      2.2552000     -1.4512467      2.1664863     0.64339104      31.707001     0.64339104
      2.2560000     -1.4508116      2.0256814     0.64933490      19.185153     0.64933490
      2.2568000     -1.4473137      2.1628881     0.57560709      32.376289     0.63311112
      2.2576000     -1.4438976      2.4489745     0.61146774      56.103143     0.61146837
      2.2584000     -1.4431141      2.2098040     0.62295386      31.354056     0.62295386
      2.2592000     -1.4424178      2.3329298     0.62476972      35.478296     0.62476972
      2.2600000     -1.4408944      2.4398706     0.61388561      56.315173     0.61388561
      2.2608000     -1.4376708      2.5373135     0.46269785      80.573033     0.59709843
      2.2616000     -1.4373731      2.3818822     0.39209281      54.459663     0.60803267
      2.2624000     -1.4325336      2.6245466     0.44844910      85.241801     0.57448690
      2.2632000     -1.4337385      2.2633445     0.60472183      37.291033     0.60472183
      2.2640000     -1.4322936      2.2364206     0.60336918      31.426352     0.60336918
      2.2648000     -1.4298109      2.4770061     0.34993186      60.410145     0.58596495
      2.2656000     -1.4254633      2.6144594     0.51082827      93.382837     0.55654954
      2.2664000     -1.4258514      2.3856620     0.46970415      47.208553     0.57969555
      2.2672000     -1.4215604      2.7420476     0.42419708      108.40912     0.53631215
      2.2680000     -1.4214501      2.6807939     0.23550137      102.62147     0.54617445
      2.2688000     -1.4237456      2.3630102     0.58134798      44.888086     0.58751527
      2.2696000     -1.4155173      2.6661558     0.24403761      108.35699     0.51659353
      2.2704000     -1.4136099      2.7950189     0.25345486      96.298897     0.51964527
      2.2712000     -1.4096822      2.5483687     0.36620476      97.661157     0.49428224
      2.2720000     -1.4082283      2.6496550     0.12591560      108.25944     0.49017721
      2.2728000     -1.4085091      2.6146929     0.50212222      94.702035     0.50731504
      2.2736000     -1.4058567      2.6160550     0.11565053      106.72039     0.49109353
      2.2744000     -1.4053039      2.6469965     0.37185114      119.46156     0.48972274
      2.2752000     -1.4013014      2.7097007     0.34062300      127.35028     0.46454789
      2.2760000     -1.4018360      2.6689983     0.26591333      109.84745     0.48219228
      2.2768000     -1.3971967      2.6524085     0.42880556      141.08392     0.44296961
      2.2776000     -1.3954229      2.6241043     0.27509708      131.81181     0.44282551
      2.2784000     -1.3938865      2.7613930     0.19015155      139.61639     0.43966660
      2.2792000     -1.3937214      2.4981947     0.33141206      91.354121     0.45819666
      2.2800000     -1.3911657      2.7087184   -0.086420583      134.52303     0.43216113
      2.2808000     -1.3876744      2.6194612    0.060031759      130.84665     0.41268380
      2.2816000     -1.3835749      2.5194795     0.20001993      133.43190     0.38325872
      2.2824000     -1.3815631      2.5743362     0.17868101      162.56812     0.35335613
      2.2832000     -1.3787686      2.5268783   -0.027400901      146.22721     0.34963838
      2.2840000     -1.3789410      2.3344619     0.20236526      126.20502     0.36608788
      2.2848000     -1.3761135      2.3039532     0.15471498      125.97918     0.34195309
      2.2856000     -1.3787134      2.3917404   -0.027276680      103.97234     0.39819831
      2.2864000     -1.3706821      2.4032141    0.055682940      142.80440     0.30540490
      2.2872000     -1.3747326      2.4489961     0.14508769      120.66649     0.37922674
      2.2880000     -1.3704420      2.3353213     0.15458019      124.81245     0.33967242
      2.2888000     -1.3650995      2.1842667   0.0074351450      128.33630     0.27285095
      2.2896000     -1.3658224      2.3018336    0.061457098      132.47475     0.30227023
