      2.2000000     -1.5467658      1.4009841     0.78572415      2.0038319     0.78572415
      2.2075000     -1.5358612      1.4516648     0.77481211      2.4546973     0.77481211
      2.2150000     -1.5243283      1.5363249     0.76253208      3.1167196     0.76253208
      2.2225000     -1.5124734      1.5968790     0.74881118      4.0309497     0.74881118
      2.2300000     -1.5001266      1.7178590     0.57237855      426.42764     0.73216474
      2.2375000     -1.4865545      1.7986442     0.71274774      8.3636727     0.71274774
      2.2450000     -1.4724996      1.9404240    -0.34542123      718.41322     0.68853818
      2.2525000     -1.4577225      2.0804174     0.10027444      861.22020     0.66043656
      2.2600000     -1.4424905      2.1754317     0.63066476      25.831661     0.63092396
      2.2675000     -1.4245190      2.3664081    -0.10229575      674.35032     0.58046005
      2.2750000     -1.4059828      2.4815728     0.15729677      533.48647     0.52113253
      2.2825000     -1.3886244      2.4200363   -0.095410390      471.14559     0.47285314
      2.2900000     -1.3693142      2.3400174  -0.0096820024      366.58715     0.39364743
      2.2975000     -1.3520315      2.1516069  -0.0062627125      277.13912     0.33506490
      2.3050000     -1.3385387      1.9937611    0.021508721      232.71481     0.30533023
      2.3125000     -1.3242061      1.8101058   -0.013106021      179.45946     0.26480057
      2.3200000     -1.3101431      1.6706599   -0.010289529      135.15050     0.22494705
      2.3275000     -1.2981387      1.5528252   0.0017718918      106.82399     0.19928041
      2.3350000     -1.2866488      1.4725507  -0.0040501039      86.856149     0.17858314
      2.3425000     -1.2757187      1.4204933 -0.00065210581      73.382002     0.16357358
      2.3500000     -1.2657048      1.3696042   0.0020677123      65.022531     0.15448421
