      2.2400000     -1.4820232      1.8690365     0.70521627      11.128916     0.70521627
      2.2408000     -1.4815794      1.7859399     0.70835082      7.6569407     0.70835082
      2.2416000     -1.4794046      1.9075696     0.70131433      11.989821     0.70131433
      2.2424000     -1.4773794      2.0135706     0.69638317      17.141876     0.69638317
      2.2432000     -1.4762869      1.8612740     0.69776902      10.519194     0.69776902
      2.2440000     -1.4743427      1.9554901     0.69242365      13.519697     0.69242365
      2.2448000     -1.4734084      1.9022144     0.69266457      11.472498     0.69266457
      2.2456000     -1.4712086      1.8889988     0.68562555      14.358258     0.68562555
      2.2464000     -1.4702635      1.9175139     0.68633374      14.427342     0.68633374
      2.2472000     -1.4693724      1.9124163     0.68850806      11.348775     0.68850806
      2.2480000     -1.4660878      2.2140216     0.66559629      64.581845     0.66559629
      2.2488000     -1.4647159      2.0426825     0.67438974      17.070294     0.67438974
      2.2496000     -1.4636222      2.0680304     0.67259725      24.943828     0.67259725
      2.2504000     -1.4624565      1.9656933     0.67483212      13.226788     0.67483212
      2.2512000     -1.4617140      1.9167352     0.67553420      11.572278     0.67553420
      2.2520000     -1.4596211      1.9798283     0.66947032      13.916324     0.66947032
      2.2528000     -1.4566787      2.2943168     0.65438407      38.721783     0.65438407
      2.2536000     -1.4553949      2.1506975     0.65609432      23.568762     0.65609432
      2.2544000     -1.4546122      2.1251226     0.65835742      21.228380     0.65835742
      2.2552000     -1.4529110      2.1652437     0.65489690      21.598846     0.65489690
      2.2560000     -1.4498424      2.1786522     0.64129403      26.477191     0.64129403
      2.2568000     -1.4473640      2.3614067     0.62266891      69.122705     0.62266891
      2.2576000     -1.4476663      2.1317464     0.63838441      34.589949     0.63838441
      2.2584000     -1.4446431      2.2722133     0.62627368      38.210326     0.62627368
      2.2592000     -1.4451532      2.1405918     0.64063139      22.462513     0.64063139
      2.2600000     -1.4411915      2.4524384     0.61204518      82.561595     0.61216563
      2.2608000     -1.4396619      2.4086567     0.61216067      49.222908     0.61216067
      2.2616000     -1.4386959      2.1631079     0.61906001      32.741670     0.61906001
      2.2624000     -1.4365014      2.3370035     0.61125572      42.101639     0.61125572
      2.2632000     -1.4346352      2.2534671     0.60644002      39.886737     0.60644002
      2.2640000     -1.4289748      2.8964940     0.53199720      163.68946     0.54911694
      2.2648000     -1.4290793      2.6208081     0.53743427      113.30181     0.57096683
      2.2656000     -1.4278049      2.4338726     0.58430876      48.590781     0.58430876
      2.2664000     -1.4273096      2.3332560     0.58794588      45.982924     0.58794588
      2.2672000     -1.4223776      2.6362697     0.53952619      112.55391     0.54901909
      2.2680000     -1.4145175      2.8828993     0.20586882      208.45470     0.46333815
      2.2688000     -1.4206125      2.6924838     0.40697484      121.18777     0.54893057
      2.2696000     -1.4162406      2.7764425     0.31843574      129.23989     0.52094249
      2.2704000     -1.4167881      2.4892356     0.55317690      59.479103     0.55317690
      2.2712000     -1.4112850      2.9386751     0.15011591      214.79368     0.48346704
      2.2720000     -1.4105753      2.5687992     0.49992674      129.09463     0.50060585
      2.2728000     -1.4061450      2.9342218     0.18241297      260.45187     0.44114298
      2.2736000     -1.4065303      2.5801178     0.49076629      115.10864     0.49076629
      2.2744000     -1.4028402      2.9678322     0.46437410      169.23191     0.46454094
      2.2752000     -1.4018723      2.7445221     0.39112002      198.60774     0.45309903
      2.2760000     -1.3986534      2.7018258     0.42097092      186.22552     0.42518940
      2.2768000     -1.3975930      2.6254327     0.35564246      155.15561     0.44218370
      2.2776000     -1.3963731      2.4532364     0.45189820      120.68598     0.45189820
      2.2784000     -1.3949873      2.5595668     0.44186949      144.92082     0.44364715
      2.2792000     -1.3904751      2.6960282     0.12590709      249.58549     0.37719877
      2.2800000     -1.3899395      2.6589916     0.24994324      187.16415     0.40642609
      2.2808000     -1.3880476      2.4309085     0.25100209      167.42588     0.40121507
      2.2816000     -1.3822622      2.7390311   -0.060252031      247.18811     0.32086516
      2.2824000     -1.3831313      2.5116014   -0.065535776      178.12870     0.37441790
      2.2832000     -1.3812689      2.3842306     0.34684625      154.85586     0.37960488
      2.2840000     -1.3786857      2.4786951     0.15011417      171.83251     0.35330516
      2.2848000     -1.3754599      2.6108171    0.053501325      227.96050     0.30058087
      2.2856000     -1.3730791      2.2914355    0.069456200      181.60477     0.28771499
      2.2864000     -1.3735481      2.4138906    0.032861993      191.08943     0.31478048
      2.2872000     -1.3714195      2.2564250  -0.0055308283      180.73174     0.30608084
      2.2880000     -1.3700943      2.2834034    0.029124018      176.13198     0.31691878
      2.2888000     -1.3651153      2.2839610    0.080206733      176.64528     0.24453380
      2.2896000     -1.3638800      2.1823807    0.030229803      177.65324     0.25104895
