      2.2400000     -1.4858711      1.6765730     0.57347989      4.1445551     0.72306043
      2.2408000     -1.4835503      1.7033933     0.11576288      4.9286343     0.71748850
      2.2416000     -1.4804573      1.7460721    -0.19635501      5.3541684     0.71093591
      2.2424000     -1.4797397      1.7585257   -0.056198217      5.3693127     0.71100005
      2.2432000     -1.4771526      1.7867782     0.22925259      5.8726462     0.70510812
      2.2440000     -1.4770974      1.7556068     0.20411142      5.1742372     0.70787715
      2.2448000     -1.4759371      1.7827588   -0.074886760      5.4859506     0.70641492
      2.2456000     -1.4723583      1.7851461     0.27230958      5.7899723     0.69902425
      2.2464000     -1.4733771      1.7541873     0.12581483      4.9544020     0.70542488
      2.2472000     -1.4694512      1.8549434    0.068677967      7.0542342     0.69199147
      2.2480000     -1.4680769      1.8280964    0.098916839      6.7055151     0.69135849
      2.2488000     -1.4658501      1.8551865    -0.19940418      7.0420708     0.68677305
      2.2496000     -1.4656117      1.8486379   0.0057556513      6.5619207     0.68894851
      2.2504000     -1.4651276      1.8324041     0.31499087      6.2134797     0.69102501
      2.2512000     -1.4636557      1.8439887     0.14813800      6.7342032     0.68697279
      2.2520000     -1.4630931      1.8290404     0.13012246      6.0206041     0.68945802
      2.2528000     -1.4621684      1.8621547     0.29108460      6.4166461     0.68811238
      2.2536000     -1.4597436      1.8527776     0.35402886      6.5946352     0.68340937
      2.2544000     -1.4565540      1.8774131     0.20449903      7.2171994     0.67560213
      2.2552000     -1.4558173      1.9161799    -0.13486470      7.4497580     0.67507087
      2.2560000     -1.4556036      1.8916491     0.22603210      7.0716518     0.67767962
      2.2568000     -1.4526290      1.9272174   -0.040985145      8.1156052     0.66810308
      2.2576000     -1.4530801      1.8739873    0.035713299      6.8791411     0.67550868
      2.2584000     -1.4495902      1.9094725     0.39255895      7.3648293     0.66739163
      2.2592000     -1.4492064      1.8775809     0.17488417      6.8505546     0.67008994
      2.2600000     -1.4480233      1.9276473    -0.10404479      7.5127300     0.66665154
      2.2608000     -1.4451500      1.9400396     0.10664558      7.7529622     0.66083958
      2.2616000     -1.4408249      1.9882330    0.037309905      9.6336271     0.64530575
      2.2624000     -1.4427370      1.9270061     0.30121621      8.0561603     0.65630110
      2.2632000     -1.4420757      1.9320904     0.13283289      8.0244381     0.65672243
      2.2640000     -1.4405689      1.9198688    -0.31063006      8.2822967     0.65391342
      2.2648000     -1.4386630      1.9198427   -0.035412638      8.0328020     0.65130026
      2.2656000     -1.4352843      1.9886684    0.064436895      8.9107412     0.64346664
      2.2664000     -1.4333986      1.9955520     0.15974762      9.9500717     0.63685591
      2.2672000     -1.4323893      1.9457108     0.19388748      8.9573917     0.63909221
      2.2680000     -1.4351063      1.8968890    -0.33054151      7.8746521     0.65197494
      2.2688000     -1.4327255      1.8906455   -0.039876694      7.9808878     0.64626707
      2.2696000     -1.4285869      1.9262164    -0.16233772      7.9910468     0.63886593
      2.2704000     -1.4254739      1.9871427    0.054583059      9.7895800     0.62733466
      2.2712000     -1.4270052      1.9290172     0.19404370      8.3641760     0.63649103
      2.2720000     -1.4254453      1.9833400    0.084569632      9.7716257     0.62900728
      2.2728000     -1.4242300      1.9839506    0.077003181      9.3854275     0.63018867
      2.2736000     -1.4243939      1.9639306   -0.033077878      8.8385727     0.63421934
      2.2744000     -1.4226557      1.9742524     0.16744625      8.9450868     0.63121951
      2.2752000     -1.4183081      2.0053925     0.25056206      9.8012351     0.61823626
      2.2760000     -1.4186846      2.0021551    -0.11757255      9.7607622     0.62126002
      2.2768000     -1.4161263      2.0268080   -0.051676707      10.278264     0.61434615
      2.2776000     -1.4168891      1.9717724    0.044130605      9.4597394     0.62055362
      2.2784000     -1.4134936      2.0450804     0.30185602      10.639894     0.60975402
      2.2792000     -1.4141751      1.9589177    0.044114724      9.1259513     0.61889070
      2.2800000     -1.4136384      1.9521411    0.011032905      9.2879185     0.61861852
      2.2808000     -1.4081766      2.0215637   -0.016405513      11.118128     0.59973701
      2.2816000     -1.4054691      2.0156002    0.056897862      10.395299     0.59867524
      2.2824000     -1.4056367      1.9629788    0.053223530      10.103363     0.60125173
      2.2832000     -1.4014442      2.0387497    -0.10398227      11.239547     0.58787881
      2.2840000     -1.3989397      2.0224658   -0.023288069      11.413558     0.58154255
      2.2848000     -1.3982498      2.0210362    0.082841655      11.528387     0.58080186
      2.2856000     -1.3995310      1.9777282    -0.15621944      10.135800     0.59201047
      2.2864000     -1.3974802      1.9852495     0.13848526      10.994495     0.58499247
      2.2872000     -1.3951158      2.0045872   -0.015870543      10.907474     0.58157998
      2.2880000     -1.3960520      1.9910328    0.025725783      10.296284     0.58815041
      2.2888000     -1.3940395      2.0196572    0.066195681      10.869869     0.58208884
      2.2896000     -1.3896870      2.0233466     0.12150995      11.257802     0.57192704
