      2.2000000     -1.5469094      1.4033571     0.78570513      2.0222117     0.78570513
      2.2075000     -1.5358012      1.4841973     0.51474452      249.62763     0.77368652
      2.2150000     -1.5245296      1.5463488     0.76199582      3.7894404     0.76211414
      2.2225000     -1.5133711      1.5789971     0.57402761      175.08898     0.75153324
      2.2300000     -1.5003039      1.6743601     0.73404004      5.1840457     0.73409840
      2.2375000     -1.4878343      1.7456618     0.47096170      218.02381     0.71854220
      2.2450000     -1.4737545      1.8899591     0.24796604      310.57601     0.69491254
      2.2525000     -1.4600909      1.9315527    -0.31687060      263.65933     0.67708490
      2.2600000     -1.4441818      2.0638027    0.023730116      307.19142     0.64447479
      2.2675000     -1.4276999      2.1605205   -0.025414720      278.83536     0.61110438
      2.2750000     -1.4132622      2.1703759    -0.18140002      234.31885     0.58507381
      2.2825000     -1.3963159      2.2198081    0.046311585      226.59670     0.54403525
      2.2900000     -1.3766704      2.2005358    0.074980230      186.72144     0.48754298
      2.2975000     -1.3626338      2.1153569    0.020882477      172.25852     0.46328750
      2.3050000     -1.3474600      2.0467303 -0.00062091675      150.98003     0.42784526
      2.3125000     -1.3308285      1.9366602   0.0039553762      124.13548     0.38090831
      2.3200000     -1.3164157      1.8245417  -0.0074299043      105.63673     0.34745727
      2.3275000     -1.3045541      1.7359700   -0.028177790      94.033142     0.32741858
      2.3350000     -1.2918591      1.6213035    0.026356314      80.987313     0.30228036
      2.3425000     -1.2791230      1.5346181  -0.0081330873      68.237645     0.27277456
      2.3500000     -1.2679504      1.4606153   0.0056130859      59.234167     0.25270134
