      2.2000000     -1.5461967      1.4261038     0.78384481      2.6942847     0.78384481
      2.2075000     -1.5358022      1.4634005     0.77476229      2.4942696     0.77476229
      2.2150000     -1.5247001      1.5237587     0.76366534      2.9024309     0.76366534
      2.2225000     -1.5122420      1.6184551     0.25289458      645.47661     0.74728525
      2.2300000     -1.5010949      1.6531861     0.73657412      4.7009690     0.73657412
      2.2375000     -1.4876009      1.7776002     0.52810210      307.51280     0.71659125
      2.2450000     -1.4731967      1.9199939    -0.12798913      599.38352     0.69229525
      2.2525000     -1.4592793      2.0071017     0.32129885      450.93257     0.67060584
      2.2600000     -1.4429801      2.1220601   -0.082489551      516.59969     0.63438431
      2.2675000     -1.4247415      2.3266446     0.13347777      437.68837     0.58670308
      2.2750000     -1.4097748      2.3147236   -0.073089868      409.97361     0.55622057
      2.2825000     -1.3905251      2.3715979     0.11391524      328.40109     0.49501038
      2.2900000     -1.3732327      2.2667436  -0.0013133471      286.83717     0.44522043
      2.2975000     -1.3559828      2.1930232   -0.037901035      231.54708     0.39325851
      2.3050000     -1.3417301      2.0455373    0.016183991      200.18052     0.36150168
      2.3125000     -1.3262110      1.8661318    0.010178754      154.04076     0.31032755
      2.3200000     -1.3128313      1.7508751   0.0027451760      129.74877     0.28236705
      2.3275000     -1.3000591      1.6451602   0.0044482531      107.20241     0.25350095
      2.3350000     -1.2879711      1.5378830   0.0046797546      86.763890     0.22673331
      2.3425000     -1.2766083      1.4280429    0.013677703      69.806313     0.20181808
      2.3500000     -1.2660493      1.3858258  -0.0033550768      62.198849     0.19046039
