      2.2000000     -1.5462923      1.4115819     0.78393909      2.2835893     0.78393909
      2.2050000     -1.5395645      1.4441848     0.77844941      2.3848679     0.77844941
      2.2100000     -1.5322838      1.4627207     0.77163783      2.4902769     0.77163783
      2.2150000     -1.5245593      1.5233318     0.76252067      3.3628945     0.76252067
      2.2200000     -1.5167540      1.5427274     0.75435975      3.4032717     0.75435975
      2.2250000     -1.5083857      1.6220404     0.74369257      4.2918409     0.74369257
      2.2300000     -1.5004839      1.6934466     0.73463790      5.1845342     0.73463790
      2.2350000     -1.4910651      1.7602094     0.71877347      8.3404379     0.71877347
      2.2400000     -1.4821031      1.8382562     0.70728746      8.8111482     0.70728746
      2.2450000     -1.4729950      1.9186370     0.69152427      11.632523     0.69152427
      2.2500000     -1.4627178      2.0687768     0.66885319      23.567855     0.66885319
      2.2550000     -1.4513823      2.2064489     0.64327602      26.318483     0.64327602
      2.2600000     -1.4399803      2.4007923     0.60526276      60.375886     0.60559016
      2.2650000     -1.4304242      2.2846618     0.39485443      55.395681     0.58881701
      2.2700000     -1.4173529      2.6499397     0.48655425      94.461786     0.53735826
      2.2750000     -1.4033703      2.7223646     0.20438415      125.02448     0.47538537
      2.2800000     -1.3929229      2.6368164     0.27025220      125.82307     0.45155841
      2.2850000     -1.3754221      2.4034531     0.18183032      132.32698     0.34968468
      2.2900000     -1.3662306      2.2983419     0.21159225      120.52015     0.32837571
      2.2950000     -1.3538306      1.9531388   -0.012010287      94.072051     0.26444440
      2.3000000     -1.3453043      2.0426785    0.040455649      97.308327     0.24769378
      2.3050000     -1.3354846      1.8269494   0.0054913440      80.020149     0.21272034
      2.3100000     -1.3261398      1.6828145   -0.035681059      62.482123     0.18694418
      2.3150000     -1.3192716      1.7963155   -0.015984737      71.990965     0.18880674
      2.3200000     -1.3088218      1.5345039    0.014819080      42.885067     0.14267534
      2.3250000     -1.3007089      1.5530776  -0.0040024528      42.426008     0.13221859
      2.3300000     -1.2934134      1.4948314  -0.0088555057      34.551639     0.12926554
      2.3350000     -1.2872665      1.4832013  -0.0013586067      33.659786     0.12531200
      2.3400000     -1.2795913      1.4160253    0.023451368      26.069031     0.11179269
      2.3450000     -1.2722022      1.3655048   -0.013192435      24.743209     0.10447264
      2.3500000     -1.2657420      1.3626378 -0.00051961753      26.035820     0.10858879
