      2.2400000     -1.4834143      1.7889546     0.71189739      7.1395415     0.71189739
      2.2408000     -1.4816390      1.8347843     0.70589650      10.313320     0.70607709
      2.2416000     -1.4817914      1.7339286     0.71506665      4.9787277     0.71506665
      2.2424000     -1.4764657      1.9312457     0.12692321      14.405764     0.69190451
      2.2432000     -1.4765313      1.8200673     0.69905630      8.7608863     0.69905771
      2.2440000     -1.4734080      2.0185847     0.68022767      15.083061     0.68600294
      2.2448000     -1.4728898      1.8635335     0.69342071      9.0397973     0.69342071
      2.2456000     -1.4720371      1.9198904    0.085386659      11.774269     0.69015695
      2.2464000     -1.4675778      2.0234611     0.62987141      18.843105     0.67231299
      2.2472000     -1.4678320      1.9715414     0.68034970      13.125250     0.68043202
      2.2480000     -1.4662798      1.9865246     0.67834606      12.983603     0.67834606
      2.2488000     -1.4650461      1.9313002     0.53089275      12.893613     0.67740536
      2.2496000     -1.4639803      1.9675629     0.67804108      11.506916     0.67804108
      2.2504000     -1.4617638      2.0062030     0.32290157      15.532178     0.66931100
      2.2512000     -1.4612346      1.9964098     0.66545407      14.763170     0.67240839
      2.2520000     -1.4600636      1.9783341     0.34105050      14.620935     0.67016971
      2.2528000     -1.4573730      2.0812596     0.32994312      17.792441     0.66102983
      2.2536000     -1.4546035      2.1735532     0.60952871      21.088324     0.65229188
      2.2544000     -1.4563019      1.9601238     0.66910794      11.897309     0.66912523
      2.2552000     -1.4519483      2.1059554     0.64536431      17.350992     0.65128269
      2.2560000     -1.4471667      2.2374760     0.59190687      26.140310     0.63088152
      2.2568000     -1.4488182      2.1129176     0.36226140      18.451443     0.64711542
      2.2576000     -1.4435318      2.2911449     0.29162044      29.007239     0.61863344
      2.2584000     -1.4471094      2.0699696     0.51957798      15.376049     0.64932126
      2.2592000     -1.4439552      2.2100746     0.45429974      25.986556     0.63115269
      2.2600000     -1.4447928      2.0128943     0.64811531      12.495867     0.64916872
      2.2608000     -1.4416439      2.0954323     0.63767775      16.055595     0.63788129
      2.2616000     -1.4373372      2.3441228   -0.033895678      32.363441     0.60827793
      2.2624000     -1.4385540      2.1957254     0.42059743      22.872362     0.62674126
      2.2632000     -1.4338366      2.3231798     0.47855644      30.608301     0.60323263
      2.2640000     -1.4366847      2.1473060     0.29014068      18.913411     0.63074153
      2.2648000     -1.4310351      2.2058988     0.16413668      27.955523     0.60068265
      2.2656000     -1.4312788      2.1730499     0.23090277      23.871833     0.61190472
      2.2664000     -1.4292303      2.1574084    0.074079171      22.006585     0.60761206
      2.2672000     -1.4247985      2.2679259     0.25179845      26.223642     0.58940014
      2.2680000     -1.4267755      2.2283485     0.48256829      21.844093     0.60576276
      2.2688000     -1.4205336      2.3674880   -0.076095558      38.917756     0.56682176
      2.2696000     -1.4197904      2.3026044     0.12386753      29.792026     0.57626862
      2.2704000     -1.4201057      2.2799876     0.52999095      29.035936     0.58356848
      2.2712000     -1.4166190      2.3526134     0.32166788      36.000260     0.56466811
      2.2720000     -1.4168835      2.3068023   -0.051242975      32.246966     0.57255360
      2.2728000     -1.4138925      2.3013349     0.49758377      33.587761     0.56467834
      2.2736000     -1.4096400      2.3399716     0.22917375      34.350913     0.54748029
      2.2744000     -1.4107865      2.3584014   -0.067716532      32.556686     0.56240011
      2.2752000     -1.4074437      2.3488254    -0.11203559      37.205945     0.54289521
      2.2760000     -1.4025806      2.4660365    0.075259416      42.017210     0.52222534
      2.2768000     -1.4064872      2.3288034     0.28807329      33.165324     0.55227308
      2.2776000     -1.4031058      2.3281022     0.19546688      36.190595     0.53672361
      2.2784000     -1.4033227      2.3281588     0.16364929      36.390719     0.54311877
      2.2792000     -1.3954948      2.3940316     0.12560693      42.666973     0.50061203
      2.2800000     -1.3926763      2.3637894    0.092175015      46.255151     0.48566917
      2.2808000     -1.3931077      2.3419411    0.029111409      43.567868     0.49840611
      2.2816000     -1.3932853      2.2184524     0.25645529      36.908460     0.51044436
      2.2824000     -1.3883997      2.3081552    -0.14513751      45.213369     0.48030733
      2.2832000     -1.3912795      2.3279086   -0.041405999      37.420350     0.51070013
      2.2840000     -1.3867150      2.3697563     0.10283203      42.144216     0.48702335
      2.2848000     -1.3837564      2.3326640    0.096071201      42.245924     0.47622756
      2.2856000     -1.3853341      2.2760432     0.17014450      38.893725     0.49198810
      2.2864000     -1.3776708      2.2946356     0.15609350      44.975097     0.45063968
      2.2872000     -1.3817781      2.3083962    0.016741509      41.116285     0.48367248
      2.2880000     -1.3792313      2.2887423     0.19898564      38.724762     0.47586132
      2.2888000     -1.3766372      2.2973379   -0.013805390      42.390794     0.46380602
      2.2896000     -1.3711637      2.2207970    0.077400612      46.718442     0.42837000
