      2.2400000     -1.4841358      1.7436769     0.71527621      5.6335621     0.71527621
      2.2408000     -1.4793827      1.8983681     0.18594601      11.378344     0.69612337
      2.2416000     -1.4789789      1.9004506     0.52898498      11.024981     0.69730373
      2.2424000     -1.4784734      1.8542519     0.65131550      7.9665462     0.70271525
      2.2432000     -1.4780156      1.8199612     0.58150638      7.1167167     0.70446572
      2.2440000     -1.4765845      1.8501805     0.69868733      8.2048971     0.70130331
      2.2448000     -1.4735598      1.8856008     0.54538468      9.2227193     0.69392639
      2.2456000     -1.4706472      1.9592690     0.40586771      12.890683     0.68190484
      2.2464000     -1.4707478      1.9125840     0.63401309      10.971168     0.68665432
      2.2472000     -1.4692806      1.9829749     0.33466116      11.358894     0.68475168
      2.2480000     -1.4686471      1.9295341     0.49786576      10.315191     0.68666924
      2.2488000     -1.4661530      2.0151640    0.096432569      12.877041     0.67826674
      2.2496000     -1.4658371      1.9208147     0.49702803      9.6543218     0.68447719
      2.2504000     -1.4623223      2.0114344     0.34902668      12.162805     0.67375669
      2.2512000     -1.4610987      2.0162200     0.39404694      10.653555     0.67485739
      2.2520000     -1.4596229      2.0213915     0.23943641      13.101231     0.66853275
      2.2528000     -1.4574259      2.0268130     0.28882074      12.622953     0.66528284
      2.2536000     -1.4560513      2.0287874    0.048516858      12.715120     0.66206003
      2.2544000     -1.4565955      2.0151308     0.60819500      11.683355     0.66863995
      2.2552000     -1.4535306      2.0862692    -0.13886580      14.009245     0.65937255
      2.2560000     -1.4527772      2.0209454    -0.11272813      12.157303     0.66150505
      2.2568000     -1.4502896      2.0233058     0.40194923      12.135603     0.65603262
      2.2576000     -1.4469275      2.1215699     0.45216105      16.411444     0.64159774
      2.2584000     -1.4493595      1.9720592     0.17865454      11.175776     0.66063151
      2.2592000     -1.4437427      2.1450843     0.42150190      17.492462     0.63488763
      2.2600000     -1.4441527      2.0986044     0.23258486      14.440865     0.64408081
      2.2608000     -1.4422967      2.0890949  -0.0048406228      15.149375     0.63950120
      2.2616000     -1.4399410      2.1661713     0.14996156      18.609148     0.62889967
      2.2624000     -1.4400329      2.0704516    0.034095348      14.799674     0.63791516
      2.2632000     -1.4396289      2.0725113     0.36041119      15.869199     0.63740084
      2.2640000     -1.4367802      2.0833461     0.53180842      14.794716     0.63260812
      2.2648000     -1.4336269      2.1219292    0.036859675      16.614618     0.62198349
      2.2656000     -1.4322583      2.0817452     0.40213776      15.733342     0.62235626
      2.2664000     -1.4319531      2.0862987    -0.12333246      16.422272     0.62394444
      2.2672000     -1.4300851      2.0902805    0.098295152      14.397706     0.62350449
      2.2680000     -1.4266004      2.1697693     0.12442394      18.852583     0.60702705
      2.2688000     -1.4242854      2.1401379   -0.048172787      17.400467     0.60336229
      2.2696000     -1.4270496      2.1350630     0.25769695      17.043378     0.61593045
      2.2704000     -1.4188225      2.2436207    0.045913247      21.572979     0.58372138
      2.2712000     -1.4226514      2.0987136   0.0027096535      14.905236     0.61132320
      2.2720000     -1.4196256      2.1723961     0.17335023      19.123520     0.59526257
      2.2728000     -1.4197912      2.1242555     0.27330759      15.877390     0.60514159
      2.2736000     -1.4159471      2.1951912     0.13540336      20.470638     0.58719649
      2.2744000     -1.4139721      2.2207615    0.036908756      19.874142     0.58428889
      2.2752000     -1.4117441      2.2263787  -0.0090348275      22.835033     0.57288723
      2.2760000     -1.4140966      2.1636457     0.26474715      19.383446     0.58984675
      2.2768000     -1.4089548      2.1970971   -0.037496887      21.081393     0.57239311
      2.2776000     -1.4097833      2.1713992    0.079511035      21.220781     0.57758815
      2.2784000     -1.4064011      2.2116466     0.27720349      20.675203     0.57032827
      2.2792000     -1.4038983      2.2488808   -0.063110671      23.378469     0.55932069
      2.2800000     -1.3994446      2.2259531    0.083095535      22.854816     0.54711910
      2.2808000     -1.4015140      2.2269125     0.10377086      22.303225     0.55998884
      2.2816000     -1.3983053      2.2198462    0.060821094      22.702973     0.55038130
      2.2824000     -1.3949891      2.2878820     0.10020744      24.807689     0.53749650
      2.2832000     -1.3944589      2.2222491     0.18069771      23.575747     0.53834686
      2.2840000     -1.3923696      2.2343972    0.025194019      23.806766     0.53430450
      2.2848000     -1.3882706      2.2057992    0.099793216      25.350479     0.51988393
      2.2856000     -1.3851815      2.2427281    -0.17752127      25.647429     0.50937324
      2.2864000     -1.3871589      2.1727972     0.21709110      24.074996     0.52061459
      2.2872000     -1.3856309      2.2322320   0.0067858860      25.593179     0.51587704
      2.2880000     -1.3839082      2.1984589   -0.049161468      24.359644     0.51678965
      2.2888000     -1.3835171      2.2349676     0.13675524      25.370066     0.51541572
      2.2896000     -1.3767149      2.2847162     0.11966418      27.963459     0.48561025
